STATE_ID,BLOCK_ID,hab_num,hab_outside,osm_num,greater,osm_near,osm_far,hab_near,hab_far
12,1354,122,2,5,hab,4,1,4,118
12,7712,209,1,0,hab,0,0,0,209
12,7711,185,6,1,hab,1,0,2,183
12,7714,255,2,1,hab,1,0,1,254
12,7710,360,2,1,hab,1,0,4,356
12,3,173,9,205,osm,148,57,147,26
12,6393,741,5,0,hab,0,0,0,741
12,2991,70,0,0,hab,0,0,0,70
12,3525,196,5,1,hab,1,0,2,194
12,2568,136,16,50,hab,45,5,43,93
12,6384,89,1,24,hab,21,3,23,66
12,197,87,0,74,hab,61,13,73,14
12,199,132,4,16,hab,16,0,37,95
12,747,88,1,78,hab,48,30,47,41
12,6355,118,12,16,hab,16,0,17,101
12,889,189,1,298,osm,181,117,149,40
12,1041,274,4,16,hab,16,0,36,238
12,1834,13,0,12,hab,6,6,7,6
12,3348,110,0,112,osm,76,36,80,30
12,6257,102,3,0,hab,0,0,0,102
12,3657,99,1,121,osm,93,28,95,4
12,6222,60,1,7,hab,7,0,9,51
12,3545,106,8,1,hab,1,0,1,105
12,3991,65,0,74,osm,59,15,59,6
12,4331,207,0,13,hab,12,1,72,135
12,5930,64,0,0,hab,0,0,0,64
12,4100,140,2,144,osm,115,29,120,20
12,743,73,1,0,hab,0,0,0,73
12,6404,179,0,3,hab,2,1,3,176
12,1433,211,2,2,hab,1,1,2,209
12,3756,98,1,3,hab,3,0,7,91
12,6406,70,0,1,hab,1,0,1,69
12,5105,207,1,152,hab,122,30,116,91
12,1496,125,17,1,hab,1,0,2,123
12,3931,303,2,1,hab,1,0,4,299
12,2491,649,2,7,hab,7,0,16,633
12,4049,193,4,2,hab,1,1,1,192
12,1400,588,8,1,hab,1,0,5,583
12,6269,152,0,3,hab,2,1,2,150
12,2728,181,0,2,hab,2,0,6,175
12,4452,172,7,12,hab,11,1,14,158
12,200,58,2,3,hab,3,0,3,55
12,814,92,1,0,hab,0,0,0,92
12,4148,196,1,3,hab,3,0,3,193
12,679,68,3,36,hab,35,1,38,30
12,1835,139,1,11,hab,11,0,18,121
12,4908,91,1,15,hab,12,3,13,78
12,5325,138,10,25,hab,25,0,33,105
12,3672,122,0,7,hab,6,1,5,117
12,1383,153,0,6,hab,5,1,6,147
12,5441,88,1,1,hab,1,0,2,86
12,5380,104,2,3,hab,3,0,6,98
12,3822,194,0,119,hab,87,32,116,78
12,3410,38,2,15,hab,15,0,16,22
12,2999,113,2,5,hab,5,0,6,107
12,2486,208,1,5,hab,5,0,10,198
12,2936,60,0,1,hab,1,0,1,59
12,5732,230,1,1,hab,0,1,0,230
12,5999,236,1,1,hab,0,1,0,236
12,4593,194,1,72,hab,66,6,67,127
12,1867,262,0,1,hab,1,0,5,257
12,3656,338,3,6,hab,6,0,11,327
12,2687,120,0,6,hab,5,1,12,108
12,2742,897,3,2,hab,2,0,17,880
12,3548,212,2,1,hab,1,0,3,209
12,581,111,2,1,hab,1,0,1,110
12,6203,92,2,2,hab,2,0,4,88
12,1480,196,8,5,hab,5,0,6,190
12,1485,210,1,1,hab,1,0,1,209
12,6258,127,0,3,hab,2,1,2,125
12,5454,93,0,1,hab,0,1,0,93
12,156,56,0,1,hab,1,0,1,55
12,3705,106,12,8,hab,8,0,9,97
12,2938,133,1,1,hab,1,0,3,130
12,3387,53,0,8,hab,7,1,7,46
12,1438,89,1,4,hab,4,0,5,84
12,171,174,5,29,hab,28,1,44,130
12,1556,119,5,0,hab,0,0,0,119
12,2127,50,0,9,hab,9,0,9,41
12,5995,146,0,4,hab,4,0,4,142
12,5006,81,2,1,hab,1,0,1,80
12,1582,89,0,10,hab,10,0,10,79
12,6255,155,2,12,hab,12,0,20,135
12,1426,376,19,3,hab,3,0,6,370
12,6430,146,0,4,hab,4,0,6,140
12,2782,96,0,6,hab,6,0,6,90
12,5455,279,0,4,hab,4,0,8,271
12,6277,407,2,7,hab,7,0,29,378
12,372,31,0,18,hab,18,0,19,12
12,4420,107,1,0,hab,0,0,0,107
12,1141,74,1,14,hab,13,1,14,60
12,339,58,0,1,hab,1,0,1,57
12,161,76,1,22,hab,22,0,22,54
12,6283,570,0,1,hab,1,0,7,563
12,6204,620,18,5,hab,5,0,63,557
12,149,116,4,1,hab,1,0,1,115
12,1281,288,2,3,hab,3,0,6,282
12,4563,534,4,3,hab,2,1,24,510
12,4239,139,0,1,hab,0,1,0,139
12,1831,247,1,3,hab,3,0,26,221
12,2384,184,4,10,hab,9,1,22,162
12,1477,216,0,0,hab,0,0,0,216
12,1617,66,0,23,hab,23,0,22,44
12,1455,95,1,43,hab,42,1,44,51
12,1360,38,1,8,hab,8,0,7,31
12,4720,163,2,1,hab,1,0,1,162
12,2831,220,5,5,hab,5,0,14,206
12,5508,343,3,1,hab,1,0,1,342
12,1353,75,0,4,hab,4,0,8,67
12,5246,110,0,1,hab,1,0,1,109
12,4384,152,0,7,hab,7,0,9,143
12,2652,181,1,0,hab,0,0,0,181
12,7713,258,1,0,hab,0,0,0,258
12,7709,271,3,1,hab,1,0,1,270
12,7686,78,1,8,hab,8,0,6,72
12,7687,35,0,2,hab,2,0,3,32
12,7684,57,0,6,hab,6,0,5,52
12,3412,336,3,2,hab,2,0,7,329
12,7683,275,2,2,hab,2,0,2,273
12,5608,77,0,3,hab,3,0,3,74
12,2117,238,0,2,hab,0,2,0,238
12,7685,30,0,7,hab,7,0,7,23
12,7698,167,0,0,hab,0,0,0,167
12,7703,155,6,0,hab,0,0,0,155
12,7702,311,3,1,hab,0,1,0,311
12,7701,461,3,3,hab,3,0,9,452
12,7700,172,1,1,hab,1,0,2,170
12,7699,306,4,1,hab,1,0,2,304
12,6163,183,5,3,hab,3,0,16,167
12,2416,110,0,3,hab,3,0,3,107
12,4481,57,1,1,hab,0,1,0,57
12,6083,121,2,2,hab,2,0,7,114
12,2651,98,0,8,hab,7,1,7,91
12,6276,295,3,2,hab,2,0,27,268
12,1778,363,5,1,hab,1,0,6,357
12,5714,70,2,0,hab,0,0,0,70
12,2449,100,0,2,hab,2,0,2,98
12,6209,91,6,4,hab,4,0,5,86
12,1531,378,14,2,hab,1,1,3,375
12,2419,51,0,1,hab,1,0,1,50
12,6223,57,1,1,hab,0,1,0,57
12,1563,188,1,1,hab,1,0,6,182
12,2741,302,2,2,hab,2,0,3,299
12,3266,45,2,3,hab,3,0,3,42
12,2329,46,1,0,hab,0,0,0,46
12,2213,233,1,6,hab,6,0,4,229
12,2279,213,1,1,hab,1,0,1,212
12,2992,198,4,2,hab,2,0,4,194
12,4823,91,0,2,hab,1,1,1,90
12,5877,150,2,7,hab,6,1,8,142
12,6251,121,2,2,hab,2,0,2,119
12,6359,105,3,2,hab,2,0,6,99
12,1574,698,2,2,hab,0,2,0,698
12,7680,227,0,4,hab,3,1,5,222
12,2149,60,0,18,hab,18,0,28,32
12,7681,158,2,1,hab,1,0,1,157
12,7679,179,2,0,hab,0,0,0,179
12,2415,108,3,1,hab,1,0,4,104
12,1965,622,2,1,hab,1,0,3,619
12,5663,43,0,1,hab,1,0,1,42
12,1993,81,0,4,hab,3,1,4,77
12,1615,31,0,0,hab,0,0,0,31
12,3423,41,2,1,hab,1,0,1,40
12,3158,42,0,3,hab,3,0,2,40
12,2479,48,0,2,hab,2,0,2,46
12,4985,86,1,15,hab,10,5,12,74
12,4414,86,0,8,hab,8,0,11,75
12,1942,341,0,1,hab,1,0,5,336
12,7689,81,0,17,hab,16,1,15,66
12,7688,90,0,1,hab,1,0,1,89
12,7693,67,0,1,hab,1,0,1,66
12,7695,53,2,5,hab,4,1,4,49
12,7696,140,4,5,hab,5,0,5,135
12,7694,51,0,2,hab,2,0,2,49
12,7697,58,1,0,hab,0,0,0,58
12,7708,122,0,47,hab,44,3,52,70
12,7704,83,1,27,hab,26,1,30,53
12,7705,51,0,15,hab,14,1,14,37
12,7690,104,1,9,hab,9,0,9,95
12,7691,45,0,2,hab,2,0,2,43
12,3366,92,0,6,hab,6,0,6,86
12,2620,114,1,6,hab,6,0,7,107
12,2519,65,0,23,hab,22,1,19,46
12,2423,125,1,15,hab,12,3,16,109
12,2418,119,2,2,hab,1,1,1,118
12,1618,53,1,10,hab,10,0,9,44
12,6380,88,1,4,hab,4,0,4,84
12,6284,55,0,3,hab,3,0,3,52
12,3838,51,0,4,hab,4,0,4,47
12,3671,74,0,8,hab,6,2,7,67
12,3626,58,0,9,hab,8,1,8,50
12,2540,74,0,3,hab,3,0,5,69
12,844,44,0,2,hab,2,0,2,42
12,3592,67,0,0,hab,0,0,0,67
12,2895,60,0,16,hab,16,0,17,43
12,7706,97,1,32,hab,32,0,37,60
12,7707,54,2,30,hab,27,3,27,27
12,3634,49,0,27,hab,27,0,29,20
12,5334,105,1,5,hab,5,0,5,100
12,6375,92,1,15,hab,15,0,17,75
12,3312,57,3,8,hab,8,0,11,46
12,5078,76,5,2,hab,2,0,3,73
12,4812,80,0,26,hab,23,3,23,57
12,829,75,1,6,hab,5,1,8,67
12,1881,53,0,0,hab,0,0,0,53
12,1941,118,4,0,hab,0,0,0,118
12,3547,160,0,6,hab,6,0,9,151
12,4469,100,0,0,hab,0,0,0,100
12,5617,88,2,1,hab,1,0,2,86
12,5861,126,0,3,hab,2,1,2,124
12,6199,45,1,2,hab,1,1,1,44
12,6272,60,0,0,hab,0,0,0,60
12,39,5,0,2,hab,0,2,0,5
12,669,54,2,2,hab,2,0,2,52
12,1456,139,3,11,hab,8,3,9,130
12,1520,74,0,41,hab,40,1,50,24
12,1555,76,0,33,hab,32,1,33,43
12,1612,87,0,2,hab,2,0,3,84
12,6400,45,0,5,hab,4,1,4,41
12,5458,85,0,3,hab,3,0,2,83
12,3974,59,3,22,hab,19,3,20,39
12,3411,60,0,6,hab,6,0,6,54
12,3349,43,0,13,hab,12,1,12,31
12,7682,246,2,2,hab,2,0,8,238
7,1004,328,0,342,osm,293,49,280,48
7,8033,219,0,255,osm,199,56,194,25
7,6982,191,1,148,hab,113,35,149,42
7,7018,331,0,379,osm,244,135,216,115
7,8031,155,0,190,osm,135,55,129,26
7,656,515,2,189,hab,145,44,404,111
7,6085,134,0,133,hab,128,5,122,12
7,805,183,0,238,osm,191,47,153,30
7,1596,121,0,78,hab,74,4,70,51
7,3659,139,0,135,hab,100,35,93,46
7,4,106,0,100,hab,95,5,98,8
7,3446,157,0,44,hab,38,6,45,112
7,5693,132,0,23,hab,19,4,20,112
7,415,178,0,214,osm,182,32,156,22
7,8032,92,0,100,osm,80,20,78,14
7,221,167,1,165,hab,161,4,157,10
7,7022,270,0,185,hab,182,3,246,24
7,7026,270,0,217,hab,198,19,249,21
7,7023,162,1,149,hab,146,3,157,5
7,5398,234,0,268,osm,250,18,225,9
7,4778,340,1,284,hab,252,32,305,35
7,3523,189,0,198,osm,181,17,175,14
7,647,217,1,255,osm,234,21,209,8
7,373,234,0,272,osm,233,39,227,7
7,4784,498,2,101,hab,93,8,140,358
7,4464,228,0,134,hab,108,26,120,108
7,3135,182,1,126,hab,103,23,104,78
7,2827,119,0,73,hab,48,25,63,56
7,6990,102,0,101,hab,97,4,101,1
7,2796,224,0,161,hab,153,8,186,38
7,7005,120,0,109,hab,104,5,113,7
7,7004,189,0,266,osm,207,59,159,30
7,7003,174,2,171,hab,142,29,150,24
7,7002,142,0,139,hab,130,9,131,11
7,7001,157,0,186,osm,161,25,146,11
7,4080,371,3,99,hab,85,14,110,261
7,3505,128,4,116,hab,109,7,116,12
7,3294,134,3,90,hab,87,3,89,45
7,1550,164,0,128,hab,124,4,145,19
7,5858,226,0,197,hab,180,17,193,33
7,1445,147,1,154,osm,98,56,107,40
7,3755,190,0,191,osm,180,11,172,18
7,3150,251,0,249,hab,210,39,225,26
7,948,250,0,188,hab,175,13,203,47
7,7006,176,0,100,hab,86,14,88,88
7,7009,171,0,17,hab,16,1,24,147
7,7008,123,1,71,hab,54,17,61,62
7,7010,227,0,39,hab,31,8,54,173
7,7021,157,0,2,hab,2,0,5,152
7,7007,118,0,94,hab,85,9,85,33
7,7011,210,0,30,hab,27,3,33,177
7,7012,142,0,166,osm,123,43,103,39
7,7014,101,0,93,hab,72,21,50,51
7,7013,84,0,57,hab,50,7,47,37
7,7017,179,6,86,hab,73,13,73,106
7,6125,227,1,68,hab,60,8,145,82
7,7015,201,5,5,hab,4,1,4,197
7,7016,153,2,122,hab,114,8,120,33
7,6995,153,0,160,osm,155,5,150,3
7,6996,106,0,109,osm,91,18,95,11
7,6998,217,0,249,osm,216,33,209,8
7,6999,134,0,134,hab,133,1,130,4
7,7000,130,0,127,hab,126,1,128,2
7,53,85,0,85,hab,80,5,82,3
7,472,107,0,135,osm,120,15,105,2
7,484,89,0,86,hab,78,8,84,5
7,1381,150,0,165,osm,157,8,147,3
7,2353,108,0,137,osm,120,17,99,9
7,3599,109,0,130,osm,119,11,105,4
7,4249,109,0,123,osm,112,11,106,3
7,4486,106,0,99,hab,91,8,99,7
7,5293,134,0,123,hab,117,6,124,10
7,386,438,0,362,hab,304,58,359,79
7,1691,168,0,160,hab,141,19,157,11
7,1765,273,1,465,osm,392,73,271,2
7,2451,174,0,173,hab,147,26,157,17
7,881,162,0,4,hab,4,0,8,154
7,2735,222,0,212,hab,189,23,207,15
7,3267,228,0,192,hab,178,14,213,15
7,3700,159,1,210,osm,164,46,140,19
7,655,142,3,54,hab,38,16,51,91
7,4606,267,0,460,osm,386,74,256,11
7,209,294,0,0,hab,0,0,0,294
7,800,117,0,10,hab,7,3,10,107
7,1717,148,0,20,hab,16,4,17,131
7,3076,381,381,51,osm,0,51,0,381
7,7024,288,2,13,hab,6,7,14,274
7,3426,156,0,86,hab,70,16,88,68
7,2726,132,0,14,hab,14,0,14,118
7,4184,148,148,7,osm,0,7,0,148
7,5254,189,0,167,hab,164,3,182,7
7,4507,333,1,308,hab,273,35,293,40
7,2869,188,2,155,hab,153,2,172,16
7,2917,222,1,197,hab,187,10,201,21
7,3701,169,0,268,osm,189,79,153,16
7,1664,194,1,172,hab,160,12,164,30
7,6997,219,0,247,osm,225,22,210,9
7,3899,300,0,233,hab,227,6,286,14
7,4993,162,0,165,osm,154,11,151,11
7,430,487,2,134,hab,122,12,336,151
7,6991,172,0,191,osm,180,11,168,4
7,1185,127,0,71,hab,66,5,67,60
7,4595,147,1,162,osm,148,14,142,5
7,1269,226,226,173,osm,0,173,0,226
7,1271,219,219,215,osm,0,215,0,219
7,6992,249,0,247,hab,236,11,240,9
7,1359,192,192,236,osm,5,231,4,188
7,1665,107,1,102,hab,95,7,102,5
7,6993,166,1,163,hab,160,3,161,5
7,6994,129,1,120,hab,120,0,123,6
7,1546,172,0,164,hab,147,17,154,18
7,1713,81,0,90,osm,75,15,72,9
7,2907,102,0,182,osm,96,86,63,39
7,5735,105,0,94,hab,76,18,70,35
7,140,205,4,24,hab,24,0,30,175
7,661,97,0,1,hab,1,0,3,94
7,3339,176,3,3,hab,3,0,5,171
7,3553,135,1,7,hab,5,2,9,126
7,6169,143,143,433,osm,0,433,0,143
7,7025,242,0,5,hab,3,2,7,235
7,7020,130,0,1,hab,1,0,1,129
7,7019,122,1,1,hab,1,0,1,121
7,3333,232,0,288,osm,246,42,223,9
7,2980,158,0,165,osm,156,9,146,12
7,1921,113,0,138,osm,124,14,105,8
7,1572,456,456,4,osm,0,4,0,456
7,5889,139,2,170,osm,161,9,131,8
7,5404,273,0,299,osm,292,7,263,10
7,4936,144,0,142,hab,134,8,107,37
7,4885,158,0,184,osm,178,6,151,7
7,565,229,1,256,osm,252,4,223,6
7,6986,189,0,158,hab,154,4,180,9
7,6987,137,0,134,hab,125,9,127,10
7,6988,188,0,148,hab,145,3,176,12
7,6989,189,0,172,hab,166,6,180,9
7,4392,205,2,3,hab,3,0,8,197
7,4179,393,1,3,hab,3,0,13,380
7,6236,156,0,9,hab,7,2,7,149
7,925,170,0,5,hab,4,1,7,163
7,781,228,2,8,hab,5,3,8,220
7,3213,103,1,7,hab,2,5,2,101
7,2826,73,1,17,hab,11,6,15,58
7,1902,140,0,16,hab,12,4,14,126
7,1437,99,2,3,hab,3,0,4,95
7,2338,379,5,91,hab,84,7,237,142
7,6983,149,1,205,osm,152,53,135,14
13,5327,24,2,5,hab,4,1,5,19
13,3954,29,2,7,hab,6,1,8,21
13,1826,47,7,2,hab,0,2,0,47
13,2835,17,3,2,hab,2,0,2,15
13,2975,40,8,4,hab,4,0,4,36
13,4224,57,2,1,hab,1,0,1,56
13,5090,50,10,11,hab,11,0,11,39
13,5680,57,3,13,hab,12,1,13,44
13,1740,38,2,17,hab,16,1,15,23
13,558,49,6,3,hab,2,1,2,47
13,7444,37,1,37,osm,23,14,23,14
13,1386,51,1,4,hab,4,0,4,47
13,4377,41,0,4,hab,4,0,4,37
13,5184,55,6,16,hab,16,0,17,38
13,3814,25,0,4,hab,3,1,4,21
13,3335,13,2,1,hab,1,0,1,12
13,2614,27,2,8,hab,8,0,10,17
13,1,102,2,90,hab,85,5,91,11
13,2463,70,5,17,hab,17,0,20,50
13,5166,116,2,65,hab,60,5,75,41
13,3012,62,2,6,hab,6,0,7,55
13,2719,54,1,51,hab,47,4,46,8
13,273,49,4,2,hab,1,1,1,48
13,944,131,25,4,hab,4,0,8,123
13,1250,171,5,7,hab,3,4,4,167
13,4906,85,2,3,hab,3,0,2,83
13,2330,113,16,42,hab,37,5,44,69
13,4023,83,5,0,hab,0,0,0,83
13,5235,65,5,0,hab,0,0,0,65
13,4931,54,4,17,hab,15,2,16,38
13,5730,56,7,14,hab,13,1,13,43
13,2057,106,19,38,hab,36,2,41,65
13,4994,28,1,6,hab,6,0,7,21
13,2621,31,2,16,hab,15,1,15,16
13,4855,52,5,10,hab,7,3,8,44
13,2588,63,5,57,hab,45,12,41,22
13,2537,39,1,3,hab,3,0,3,36
13,2508,67,3,1,hab,1,0,1,66
13,4753,24,0,8,hab,7,1,7,17
13,5239,46,1,3,hab,2,1,2,44
13,6162,48,1,14,hab,13,1,13,35
13,82,21,0,6,hab,6,0,6,15
13,4212,60,0,47,hab,46,1,46,14
13,3758,43,0,18,hab,18,0,20,23
13,2488,86,2,2,hab,2,0,2,84
13,397,63,1,10,hab,9,1,10,53
13,5263,40,3,1,hab,1,0,1,39
13,725,34,0,6,hab,6,0,8,26
13,4196,34,2,2,hab,2,0,4,30
13,35,23,4,15,hab,15,0,15,8
13,6193,28,3,21,hab,19,2,22,6
13,2124,60,4,7,hab,7,0,7,53
13,2125,23,3,0,hab,0,0,0,23
13,15,25,0,12,hab,9,3,8,17
13,2230,49,3,6,hab,6,0,7,42
13,2231,42,1,15,hab,11,4,11,31
13,630,41,0,31,hab,29,2,29,12
13,2081,70,11,12,hab,11,1,11,59
13,5712,71,14,38,hab,30,8,23,48
13,7166,79,1,9,hab,8,1,9,70
13,7162,84,4,6,hab,5,1,6,78
13,7164,107,3,11,hab,4,7,4,103
13,4601,80,1,40,hab,35,5,37,43
13,1766,56,3,9,hab,8,1,8,48
13,7165,90,4,11,hab,10,1,12,78
13,7163,67,5,12,hab,11,1,13,54
13,4519,43,13,8,hab,7,1,8,35
13,1767,47,8,23,hab,17,6,17,30
13,7157,49,0,36,hab,35,1,37,12
13,2790,86,5,70,hab,63,7,61,25
13,3429,46,1,8,hab,6,2,6,40
13,4306,83,1,4,hab,4,0,4,79
13,6132,45,5,9,hab,8,1,7,38
13,7441,64,6,11,hab,10,1,10,54
13,4195,47,1,3,hab,2,1,3,44
13,629,54,5,33,hab,27,6,31,23
13,4759,132,8,14,hab,12,2,14,118
13,7443,26,8,1,hab,1,0,1,25
13,5118,67,6,41,hab,32,9,32,35
13,7161,71,18,30,hab,28,2,28,43
13,7452,46,12,36,osm,30,6,18,28
13,4087,47,0,20,hab,20,0,21,26
13,1920,62,6,9,hab,7,2,6,56
13,2298,110,1,2,hab,2,0,2,108
13,825,23,3,2,hab,1,1,1,22
13,280,53,2,44,hab,41,3,45,8
13,569,73,0,5,hab,5,0,7,66
13,890,27,1,34,osm,26,8,25,2
13,6124,52,1,41,hab,37,4,38,14
13,466,80,3,57,hab,45,12,25,55
13,1761,67,3,73,osm,40,33,24,43
13,7159,37,5,37,osm,25,12,22,15
13,7160,84,6,42,hab,37,5,33,51
13,7439,39,3,31,hab,27,4,28,11
13,7156,70,1,23,hab,20,3,22,48
13,671,32,1,14,hab,12,2,12,20
13,867,61,6,36,hab,33,3,36,25
13,7442,33,2,3,hab,3,0,3,30
13,7158,54,5,39,hab,38,1,39,15
13,2586,32,0,16,hab,15,1,17,15
13,5701,40,0,6,hab,6,0,7,33
13,5524,78,15,5,hab,5,0,6,72
13,129,109,1,58,hab,54,4,51,58
13,4160,97,4,0,hab,0,0,0,97
13,7440,63,8,25,hab,25,0,28,35
13,7451,46,4,7,hab,5,2,6,40
13,1974,34,0,4,hab,3,1,4,30
13,7450,18,0,12,hab,10,2,11,7
13,550,25,0,11,hab,8,3,6,19
13,5313,34,6,3,hab,3,0,3,31
13,2316,31,0,2,hab,1,1,1,30
13,3493,36,0,18,hab,14,4,13,23
13,4949,44,0,2,hab,1,1,1,43
13,3927,14,2,8,hab,3,5,2,12
13,3896,60,5,52,hab,46,6,51,9
13,7448,41,6,35,hab,33,2,33,8
13,7447,25,0,24,hab,20,4,21,4
13,4685,63,1,1,hab,1,0,2,61
13,5991,112,8,60,hab,50,10,56,56
13,3324,63,10,39,hab,37,2,38,25
13,7445,62,9,3,hab,3,0,3,59
13,5506,70,3,6,hab,5,1,5,65
13,338,50,3,3,hab,3,0,4,46
13,7446,21,0,0,hab,0,0,0,21
13,4152,68,1,45,hab,41,4,40,28
13,4320,50,1,7,hab,6,1,6,44
28,6954,148,1,139,hab,120,19,130,18
28,6955,172,0,117,hab,109,8,159,13
28,6958,76,0,8,hab,4,4,10,66
28,6957,147,2,5,hab,3,2,11,136
28,6959,163,4,4,hab,4,0,9,154
28,6960,62,0,3,hab,2,1,9,53
28,6961,72,0,64,hab,51,13,64,8
28,6962,62,0,56,hab,48,8,56,6
28,4254,99,0,18,hab,16,2,23,76
28,5561,36,0,39,osm,37,2,36,0
28,1341,107,0,79,hab,69,10,74,33
28,6963,28,0,41,osm,26,15,26,2
28,6964,65,0,41,hab,35,6,38,27
28,5363,57,0,57,hab,51,6,52,5
28,3149,149,0,155,osm,137,18,141,8
28,4042,164,0,130,hab,126,4,134,30
28,6484,93,0,112,osm,83,29,85,8
28,4733,102,0,11,hab,10,1,13,89
28,653,73,0,76,osm,72,4,71,2
28,872,83,0,35,hab,35,0,38,45
28,1637,71,0,1,hab,1,0,1,70
28,2615,79,0,44,hab,43,1,54,25
28,3458,113,1,34,hab,32,2,33,80
28,1913,120,0,115,hab,114,1,118,2
28,3960,129,0,18,hab,16,2,26,103
28,3965,82,0,87,osm,76,11,78,4
28,3704,49,0,42,hab,39,3,43,6
28,4045,94,0,48,hab,43,5,47,47
28,5315,74,0,87,osm,73,14,71,3
28,5379,81,0,101,osm,83,18,78,3
28,2935,72,0,67,hab,67,0,69,3
28,3174,117,1,83,hab,80,3,91,26
28,2996,88,2,77,hab,77,0,76,12
28,891,136,0,91,hab,88,3,93,43
28,3532,149,0,8,hab,7,1,8,141
28,310,78,0,6,hab,6,0,9,69
28,174,115,2,6,hab,5,1,7,108
28,152,88,0,55,hab,51,4,53,35
28,3432,96,0,9,hab,9,0,11,85
28,502,99,3,8,hab,8,0,10,89
28,5670,107,1,101,hab,94,7,100,7
28,892,187,0,58,hab,57,1,69,118
28,660,114,0,33,hab,29,4,30,84
28,3442,139,0,57,hab,54,3,66,73
28,1783,102,1,177,osm,122,55,94,8
28,5413,52,0,41,hab,39,2,47,5
28,4102,136,0,44,hab,43,1,49,87
28,4724,105,0,6,hab,6,0,8,97
28,5002,116,0,151,osm,131,20,116,0
28,5880,47,0,48,osm,46,2,46,1
28,5351,38,0,38,hab,36,2,36,2
28,2087,85,0,145,osm,95,50,81,4
28,434,121,0,3,hab,2,1,4,117
28,847,39,0,33,hab,31,2,36,3
28,5780,42,0,39,hab,38,1,38,4
28,3588,102,0,57,hab,55,2,57,45
28,3615,85,1,133,osm,90,43,78,7
28,4359,115,0,3,hab,3,0,5,110
28,5512,103,1,2,hab,2,0,6,97
28,1134,96,0,62,hab,61,1,65,31
28,5798,162,0,10,hab,10,0,10,152
28,2749,152,0,11,hab,11,0,16,136
28,4357,82,0,37,hab,35,2,36,46
28,2245,182,1,41,hab,39,2,46,136
28,51,135,0,93,hab,88,5,96,39
28,2107,90,0,2,hab,2,0,2,88
28,1464,158,0,11,hab,11,0,15,143
28,5881,72,0,22,hab,17,5,24,48
28,1876,139,1,14,hab,14,0,20,119
28,1059,90,0,83,hab,79,4,84,6
28,5893,111,0,60,hab,59,1,60,51
28,379,50,0,47,hab,37,10,44,6
28,766,27,0,27,hab,23,4,24,3
28,4620,88,0,90,osm,77,13,79,9
28,2246,114,0,53,hab,50,3,51,63
28,3148,43,0,46,osm,41,5,41,2
28,5197,172,0,147,hab,125,22,122,50
28,4628,60,0,65,osm,58,7,58,2
28,2079,100,0,36,hab,29,7,27,73
28,3606,46,1,50,osm,42,8,41,5
28,2166,60,1,57,hab,50,7,47,13
28,6950,132,1,116,hab,93,23,100,32
28,6948,35,0,37,osm,31,6,33,2
28,6949,86,0,69,hab,56,13,63,23
28,6951,53,0,55,osm,43,12,45,8
28,6952,145,0,129,hab,120,9,127,18
28,6953,107,0,105,hab,98,7,102,5
28,2347,41,1,50,osm,32,18,34,7
28,832,62,0,74,osm,59,15,57,5
28,2389,155,0,18,hab,12,6,15,140
28,2580,111,0,28,hab,26,2,29,82
28,3777,33,0,32,hab,30,2,32,1
28,3405,46,0,46,hab,45,1,45,1
28,4435,35,10,42,osm,30,12,27,8
28,1762,165,3,95,hab,93,2,135,30
28,5611,68,17,38,hab,35,3,35,33
28,3441,41,15,40,osm,27,13,25,16
28,4740,23,0,20,hab,18,2,20,3
28,2957,56,0,31,hab,26,5,30,26
28,2388,86,0,9,hab,9,0,8,78
28,183,39,1,37,hab,35,2,35,4
28,3589,72,0,45,hab,39,6,37,35
28,1609,92,0,22,hab,20,2,27,65
28,6347,32,1,47,osm,33,14,27,5
28,5931,82,0,21,hab,19,2,20,62
28,2506,41,0,42,osm,42,0,41,0
28,1666,56,1,25,hab,21,4,22,34
28,5138,80,0,27,hab,22,5,23,57
28,2437,52,0,47,hab,40,7,40,12
28,6946,52,0,52,hab,41,11,42,10
28,6965,46,0,46,hab,44,2,46,0
28,6966,96,0,86,hab,81,5,87,9
28,7750,46,0,36,hab,35,1,36,10
28,5328,63,0,56,hab,55,1,56,7
28,5217,51,0,10,hab,9,1,10,41
28,5420,58,0,0,hab,0,0,0,58
28,5806,77,0,87,osm,68,19,73,4
28,3876,38,0,52,osm,39,13,36,2
28,3877,36,0,43,osm,38,5,36,0
28,3924,63,0,62,hab,61,1,62,1
28,1770,85,0,18,hab,18,0,18,67
28,4895,38,0,48,osm,32,16,26,12
28,1486,10,0,33,osm,10,23,8,2
28,1585,94,0,58,hab,53,5,71,23
28,5593,76,0,42,hab,37,5,40,36
28,4298,33,0,37,osm,32,5,32,1
28,664,71,0,65,hab,53,12,62,9
28,5067,32,0,30,hab,29,1,30,2
28,1513,135,0,40,hab,39,1,53,82
28,3370,49,1,48,hab,44,4,46,3
28,16,72,0,4,hab,3,1,4,68
28,4221,38,1,29,hab,28,1,28,10
28,1622,40,0,35,hab,34,1,36,4
28,3574,125,0,133,osm,108,25,110,15
28,1911,21,0,134,osm,25,109,20,1
28,6947,36,0,38,osm,38,0,36,0
28,6956,21,0,4,hab,3,1,4,17
28,6967,81,0,178,osm,88,90,80,1
28,6968,70,0,60,hab,55,5,61,9
28,7749,36,2,41,osm,36,5,35,1
28,7747,46,0,20,hab,14,6,20,26
15,3272,37,0,1,hab,1,0,1,36
15,5937,30,0,8,hab,2,6,2,28
15,7901,13,0,7,hab,4,3,6,7
15,7810,13,1,3,hab,3,0,2,11
15,4497,90,5,107,osm,84,23,81,9
15,7882,85,1,25,hab,18,7,8,77
15,7956,25,0,13,hab,7,6,9,16
15,649,89,4,0,hab,0,0,0,89
15,7809,14,0,1,hab,1,0,3,11
15,1685,48,3,174,osm,85,89,38,10
15,7853,54,0,129,osm,87,42,49,5
15,7792,36,0,4,hab,4,0,9,27
15,7903,24,0,6,hab,5,1,5,19
15,7885,115,7,3,hab,0,3,0,115
15,4634,61,1,2,hab,2,0,1,60
15,7860,40,8,1,hab,0,1,0,40
15,3431,82,3,45,hab,23,22,12,70
15,7825,45,0,41,hab,32,9,44,1
15,3727,114,4,1,hab,1,0,4,110
15,1050,57,1,91,osm,37,54,47,10
15,4995,72,0,0,hab,0,0,0,72
15,57,56,0,0,hab,0,0,0,56
15,6000,33,0,47,osm,39,8,32,1
15,7891,26,0,7,hab,7,0,9,17
15,512,93,6,168,osm,68,100,51,42
15,7878,57,0,1,hab,1,0,3,54
15,7841,41,0,127,osm,50,77,34,7
15,7934,34,0,0,hab,0,0,0,34
15,751,90,1,158,osm,108,50,88,2
15,7797,16,0,38,osm,8,30,8,8
15,6478,26,1,3,hab,3,0,7,19
15,7822,68,0,104,osm,91,13,68,0
15,7832,41,0,69,osm,28,41,39,2
15,1054,52,2,6,hab,6,0,11,41
15,5815,52,2,12,hab,0,12,0,52
15,7867,13,5,0,hab,0,0,0,13
15,614,125,0,0,hab,0,0,0,125
15,7796,31,1,1,hab,1,0,4,27
15,5537,40,0,22,hab,19,3,36,4
15,7769,44,0,44,hab,27,17,36,8
15,5742,20,0,1,hab,1,0,1,19
15,3560,54,1,2,hab,2,0,3,51
15,7914,19,0,23,osm,23,0,18,1
15,7799,43,0,10,hab,5,5,11,32
15,7852,22,0,40,osm,28,12,22,0
15,7820,25,0,9,hab,9,0,8,17
15,7930,15,1,23,osm,12,11,14,1
15,7798,10,0,13,osm,5,8,8,2
15,7915,24,0,24,hab,24,0,24,0
15,7933,23,0,0,hab,0,0,0,23
15,7949,14,0,6,hab,5,1,13,1
15,7920,43,0,40,hab,1,39,1,42
15,1226,97,0,58,hab,43,15,59,38
15,7962,37,4,0,hab,0,0,0,37
15,1651,62,0,36,hab,33,3,48,14
15,4348,29,0,10,hab,3,7,6,23
15,3274,20,0,12,hab,12,0,9,11
15,1432,78,0,1,hab,1,0,2,76
15,6180,176,0,21,hab,16,5,11,165
15,1388,96,0,4,hab,4,0,13,83
15,437,66,10,1,hab,0,1,0,66
15,7817,58,0,13,hab,10,3,18,40
15,7907,30,0,5,hab,4,1,16,14
15,3683,42,1,0,hab,0,0,0,42
15,7854,25,1,70,osm,33,37,25,0
15,7774,52,0,58,osm,30,28,38,14
15,7768,54,0,5,hab,5,0,10,44
15,7843,29,0,73,osm,22,51,29,0
15,7967,38,2,0,hab,0,0,0,38
15,7961,50,1,1,hab,0,1,0,50
15,7861,44,6,0,hab,0,0,0,44
15,980,71,0,0,hab,0,0,0,71
15,7857,41,1,0,hab,0,0,0,41
15,7883,72,1,22,hab,4,18,5,67
15,7894,13,0,14,osm,5,9,4,9
15,7814,16,0,0,hab,0,0,0,16
15,7955,28,0,48,osm,24,24,23,5
15,7795,15,2,4,hab,4,0,8,7
15,3646,38,0,72,osm,30,42,29,9
15,7859,38,8,1,hab,1,0,2,36
15,7804,15,0,0,hab,0,0,0,15
15,7873,36,2,0,hab,0,0,0,36
15,682,47,2,18,hab,16,2,24,23
15,7889,121,4,1,hab,1,0,4,117
15,7970,45,0,26,hab,23,3,35,10
15,6405,75,1,5,hab,4,1,8,67
15,7928,59,0,27,hab,9,18,6,53
15,7788,21,0,20,hab,7,13,11,10
15,7836,24,0,130,osm,50,80,24,0
15,7877,38,0,0,hab,0,0,0,38
15,3839,121,6,1,hab,1,0,4,117
15,7808,28,0,17,hab,12,5,15,13
15,7936,26,7,26,osm,20,6,14,12
15,7959,31,0,0,hab,0,0,0,31
15,7847,27,0,55,osm,32,23,24,3
15,7890,10,0,4,hab,4,0,5,5
15,7876,41,0,8,hab,6,2,3,38
15,7790,11,0,3,hab,3,0,4,7
15,7946,18,0,13,hab,7,6,12,6
15,7831,26,2,32,osm,25,7,25,1
15,6296,33,0,6,hab,5,1,8,25
15,7866,24,1,3,hab,3,0,3,21
15,5180,29,1,1,hab,0,1,0,29
15,7886,42,2,0,hab,0,0,0,42
15,7931,44,7,17,hab,9,8,10,34
15,6134,83,0,21,hab,21,0,51,32
15,7862,56,1,0,hab,0,0,0,56
15,7811,23,0,1,hab,1,0,2,21
15,5706,29,0,9,hab,9,0,16,13
15,7932,31,2,0,hab,0,0,0,31
15,7871,35,35,0,hab,0,0,0,35
15,7881,25,0,0,hab,0,0,0,25
15,7781,57,2,24,hab,24,0,34,23
15,7924,28,0,0,hab,0,0,0,28
15,7824,18,0,35,osm,7,28,12,6
15,7806,15,0,6,hab,5,1,6,9
15,7815,33,15,1,hab,1,0,2,31
15,7868,81,2,36,hab,3,33,7,74
15,7963,55,1,21,hab,15,6,25,30
15,7945,15,0,7,hab,5,2,7,8
15,7921,41,0,0,hab,0,0,0,41
15,7905,62,0,9,hab,9,0,22,40
15,7856,13,0,97,osm,39,58,13,0
15,7793,28,0,13,hab,12,1,22,6
15,1946,70,1,0,hab,0,0,0,70
15,7837,26,0,31,osm,23,8,25,1
15,7779,37,0,23,hab,13,10,26,11
15,7783,46,0,140,osm,29,111,42,4
15,7918,53,0,29,hab,24,5,31,22
15,7767,36,0,2,hab,1,1,7,29
15,7789,37,1,2,hab,2,0,6,31
15,7778,59,3,63,osm,39,24,56,3
15,7888,54,1,1,hab,1,0,4,50
15,7943,39,0,4,hab,4,0,9,30
15,4057,28,2,5,hab,5,0,13,15
15,7828,34,0,22,hab,17,5,34,0
15,7863,23,2,0,hab,0,0,0,23
15,7829,46,0,41,hab,33,8,44,2
15,7906,50,0,15,hab,15,0,37,13
15,5051,52,0,0,hab,0,0,0,52
15,7965,46,6,0,hab,0,0,0,46
15,7937,33,0,0,hab,0,0,0,33
15,6230,41,0,3,hab,3,0,11,30
15,5446,18,0,0,hab,0,0,0,18
15,1447,29,1,1,hab,1,0,2,27
15,7922,27,0,69,osm,33,36,27,0
15,5658,37,0,5,hab,4,1,6,31
15,4491,76,0,31,hab,27,4,43,33
15,7826,39,0,37,hab,24,13,37,2
15,7777,68,0,5,hab,5,0,16,52
15,7900,48,0,1,hab,1,0,3,45
15,767,54,14,70,osm,36,34,37,17
15,1099,49,0,8,hab,8,0,19,30
15,7916,71,0,41,hab,19,22,23,48
15,7887,107,0,2,hab,2,0,5,102
15,7816,35,0,10,hab,7,3,16,19
15,7902,16,0,3,hab,3,0,6,10
15,7850,15,0,31,osm,14,17,14,1
15,7899,19,0,18,hab,12,6,10,9
15,7869,51,6,1,hab,1,0,4,47
15,7812,20,3,2,hab,0,2,0,20
15,7896,39,0,6,hab,4,2,7,32
15,7958,58,0,36,hab,26,10,42,16
15,7874,76,0,0,hab,0,0,0,76
15,7908,61,0,1,hab,1,0,7,54
15,4910,38,1,2,hab,2,0,4,34
15,7791,17,1,8,hab,8,0,14,3
15,3015,59,0,1,hab,0,1,0,59
15,566,36,0,0,hab,0,0,0,36
15,7,55,0,11,hab,10,1,19,36
15,7803,38,0,5,hab,5,0,11,27
15,1028,42,0,5,hab,4,1,8,34
15,7960,112,6,3,hab,3,0,5,107
15,3197,17,1,2,hab,2,0,2,15
15,7972,25,2,5,hab,3,2,5,20
15,7782,27,1,1,hab,1,0,2,25
15,787,41,3,0,hab,0,0,0,41
15,1057,80,2,23,hab,10,13,12,68
15,7971,25,1,0,hab,0,0,0,25
15,7813,18,0,2,hab,2,0,4,14
15,7770,33,0,1,hab,1,0,6,27
15,7964,18,0,0,hab,0,0,0,18
15,274,70,9,63,osm,51,12,59,11
15,7842,19,0,35,osm,15,20,19,0
15,7898,16,0,4,hab,3,1,4,12
15,7838,19,0,71,osm,31,40,19,0
15,7807,37,0,40,osm,31,9,26,11
15,3374,18,0,1,hab,1,0,3,15
15,2833,58,3,0,hab,0,0,0,58
15,7849,23,0,22,hab,18,4,18,5
15,7952,67,0,21,hab,14,7,15,52
15,7775,27,0,2,hab,2,0,6,21
15,7911,35,0,8,hab,8,0,17,18
15,5009,28,0,6,hab,5,1,3,25
15,7771,55,0,95,osm,44,51,52,3
15,5500,47,0,4,hab,4,0,9,38
15,7938,81,0,32,hab,32,0,71,10
15,7973,45,3,10,hab,7,3,4,41
15,7926,24,0,44,osm,14,30,17,7
15,7966,61,4,0,hab,0,0,0,61
15,7801,15,0,5,hab,5,0,13,2
15,784,32,0,47,osm,16,31,32,0
15,7875,58,0,0,hab,0,0,0,58
15,7912,22,0,27,osm,26,1,22,0
15,7823,37,0,92,osm,38,54,37,0
15,2226,61,1,1,hab,1,0,1,60
15,7948,11,0,4,hab,4,0,6,5
15,4180,14,2,3,hab,3,0,5,9
15,7892,36,0,17,hab,8,9,20,16
15,3016,82,1,53,hab,40,13,64,18
15,7794,23,1,8,hab,8,0,10,13
15,7802,11,0,5,hab,5,0,5,6
15,7834,16,3,49,osm,16,33,13,3
15,7864,39,2,0,hab,0,0,0,39
15,7897,10,0,1,hab,1,0,3,7
15,7870,51,3,12,hab,9,3,6,45
15,7840,37,0,77,osm,32,45,32,5
15,7941,41,0,29,hab,28,1,39,2
15,7884,66,15,7,hab,6,1,11,55
15,7939,56,1,34,hab,10,24,37,19
15,4809,48,0,0,hab,0,0,0,48
15,7846,57,1,56,hab,38,18,56,1
15,7821,8,0,0,hab,0,0,0,8
15,7786,37,0,4,hab,4,0,10,27
15,4901,73,4,1,hab,1,0,5,68
15,2617,28,0,5,hab,5,0,9,19
15,7858,44,5,0,hab,0,0,0,44
15,7773,48,0,15,hab,15,0,28,20
15,5764,18,1,8,hab,3,5,8,10
15,950,90,3,1,hab,1,0,1,89
15,7851,20,0,75,osm,24,51,20,0
15,8041,12,2,1,hab,1,0,2,10
15,2608,80,1,63,hab,42,21,53,27
15,7880,70,9,0,hab,0,0,0,70
15,7787,24,9,0,hab,0,0,0,24
15,2909,44,2,14,hab,5,9,12,32
15,7844,18,0,31,osm,21,10,18,0
15,7954,86,1,87,osm,57,30,70,16
15,7872,11,11,1,osm,0,1,0,11
15,7848,25,3,36,osm,21,15,19,6
15,2590,51,0,2,hab,2,0,6,45
15,7940,95,0,112,osm,69,43,90,5
15,7780,27,3,0,hab,0,0,0,27
15,7827,56,12,48,osm,39,9,41,15
15,5809,55,2,43,hab,29,14,24,31
15,2943,44,0,36,hab,11,25,17,27
15,7910,40,1,1,hab,1,0,2,38
15,5902,59,12,27,hab,9,18,11,48
15,329,44,1,3,hab,3,0,5,39
15,4897,18,0,0,hab,0,0,0,18
15,7855,46,4,53,osm,36,17,39,7
15,7805,9,0,1,hab,1,0,2,7
15,7929,26,0,28,osm,12,16,13,13
15,4852,87,0,2,hab,2,0,7,80
15,7893,6,0,10,osm,3,7,4,2
15,5043,13,1,22,osm,20,2,8,5
15,7819,18,0,2,hab,2,0,6,12
15,7909,34,0,0,hab,0,0,0,34
15,7923,66,3,1,hab,0,1,0,66
15,7865,24,6,1,hab,1,0,1,23
15,7830,38,0,85,osm,35,50,37,1
15,8034,67,0,131,osm,54,77,60,7
15,7969,59,16,86,osm,64,22,44,15
15,7904,56,0,28,hab,20,8,43,13
15,7953,44,2,16,hab,3,13,6,38
15,7800,15,0,9,hab,9,0,9,6
15,7927,16,0,0,hab,0,0,0,16
15,7925,31,0,1,hab,1,0,2,29
15,6135,10,0,13,osm,13,0,5,5
15,7784,23,0,4,hab,3,1,7,16
15,7935,16,0,23,osm,14,9,13,3
15,7944,28,1,10,hab,10,0,23,5
15,7942,13,0,2,hab,2,0,8,5
15,7879,91,2,0,hab,0,0,0,91
15,7776,45,0,28,hab,28,0,34,11
15,7968,50,2,75,osm,36,39,16,34
15,7895,21,0,2,hab,1,1,1,20
15,7917,11,0,12,osm,12,0,10,1
15,7913,45,0,28,hab,28,0,36,9
15,7919,19,0,2,hab,2,0,3,16
15,7957,26,0,1,hab,0,1,0,26
15,7818,26,1,1,hab,1,0,2,24
15,8063,22,1,52,osm,18,34,17,5
15,7835,33,1,118,osm,48,70,32,1
15,7785,20,1,29,osm,25,4,19,1
15,7839,19,4,75,osm,24,51,16,3
15,7845,13,0,47,osm,20,27,13,0
5,3217,976,13,1,hab,1,0,23,953
5,4873,341,7,0,hab,0,0,0,341
5,573,537,4,2,hab,2,0,37,500
5,1638,179,0,2,hab,2,0,2,177
5,2090,263,86,1,hab,1,0,3,260
5,2341,133,1,40,hab,37,3,54,79
5,2383,170,4,2,hab,2,0,9,161
5,5689,149,1,1,hab,1,0,6,143
5,3058,598,15,1,hab,1,0,4,594
5,3552,169,1,3,hab,3,0,7,162
5,1545,300,1,2,hab,2,0,16,284
5,1111,904,8,5,hab,5,0,30,874
5,431,107,2,0,hab,0,0,0,107
5,1706,64,1,2,hab,2,0,5,59
5,2106,202,5,2,hab,2,0,7,195
5,1140,353,3,1,hab,1,0,17,336
5,4766,84,0,1,hab,1,0,13,71
5,3703,174,4,12,hab,12,0,17,157
5,6474,275,10,1,hab,1,0,3,272
5,590,145,7,0,hab,0,0,0,145
5,1788,143,2,1,hab,1,0,5,138
5,3543,228,4,1,hab,1,0,5,223
5,4929,131,4,1,hab,1,0,5,126
5,697,77,5,1,hab,1,0,2,75
5,596,139,1,1,hab,1,0,4,135
5,524,193,0,6,hab,6,0,14,179
5,2255,100,4,1,hab,1,0,5,95
5,2191,440,0,1,hab,1,0,32,408
5,2595,193,4,1,hab,1,0,8,185
5,5260,142,1,1,hab,1,0,6,136
5,1650,128,1,37,hab,29,8,8,120
5,3750,135,5,0,hab,0,0,0,135
5,922,184,4,3,hab,3,0,13,171
5,3708,120,8,3,hab,3,0,44,76
5,3685,338,10,2,hab,2,0,33,305
5,1953,88,2,0,hab,0,0,0,88
5,1247,50,0,1,hab,1,0,1,49
5,419,257,4,3,hab,3,0,23,234
5,2118,180,3,1,hab,1,0,5,175
5,6189,203,9,1,hab,1,0,3,200
5,956,53,6,1,hab,1,0,2,51
5,717,99,1,17,hab,17,0,18,81
5,2436,315,5,1,hab,1,0,9,306
5,186,134,0,2,hab,2,0,7,127
5,5657,123,3,1,hab,1,0,3,120
5,2314,156,2,1,hab,1,0,5,151
5,6485,275,47,1,hab,1,0,3,272
5,578,54,0,0,hab,0,0,0,54
5,3485,235,5,1,hab,1,0,13,222
5,964,243,9,3,hab,3,0,26,217
5,917,148,3,0,hab,0,0,0,148
5,225,219,5,0,hab,0,0,0,219
5,2340,306,7,1,hab,1,0,20,286
5,5605,273,7,9,hab,2,7,10,263
5,428,119,1,1,hab,1,0,3,116
5,700,167,5,2,hab,2,0,7,160
5,5629,92,0,43,hab,41,2,46,46
5,1692,90,1,2,hab,2,0,14,76
5,5366,147,1,50,hab,50,0,56,91
5,1910,64,0,2,hab,2,0,6,58
5,2753,85,3,0,hab,0,0,0,85
5,5811,366,1,1,hab,1,0,11,355
5,4627,179,1,0,hab,0,0,0,179
5,3891,309,4,3,hab,3,0,7,302
5,1117,252,2,0,hab,0,0,0,252
5,4235,241,3,1,hab,1,0,7,234
5,4965,162,1,1,hab,1,0,8,154
5,1789,144,3,0,hab,0,0,0,144
5,687,231,3,2,hab,2,0,2,229
5,2848,41,2,1,hab,1,0,3,38
5,3185,163,1,1,hab,1,0,5,158
5,1779,99,1,0,hab,0,0,0,99
5,4815,508,6,2,hab,2,0,12,496
5,5042,125,0,8,hab,7,1,20,105
5,6003,171,1,1,hab,1,0,23,148
5,4315,185,0,0,hab,0,0,0,185
5,17,89,1,16,hab,14,2,21,68
5,6434,273,3,0,hab,0,0,0,273
5,623,208,6,25,hab,25,0,37,171
5,1822,131,5,1,hab,1,0,10,121
5,5360,128,0,1,hab,1,0,11,117
5,1181,267,3,1,hab,1,0,1,266
5,885,472,2,1,hab,1,0,15,457
5,5737,466,3,2,hab,2,0,21,445
5,3932,176,2,1,hab,1,0,9,167
5,5093,205,1,0,hab,0,0,0,205
5,1396,232,7,1,hab,1,0,5,227
5,5628,123,1,0,hab,0,0,0,123
5,1894,81,1,1,hab,0,1,0,81
5,1891,275,6,2,hab,2,0,5,270
5,396,521,3,2,hab,2,0,16,505
5,633,416,1,22,hab,22,0,101,315
5,6361,379,6,1,hab,1,0,14,365
5,3534,371,2,1,hab,1,0,6,365
5,912,108,1,2,hab,2,0,15,93
5,5795,370,5,1,hab,1,0,7,363
5,3393,324,1,1,hab,1,0,9,315
5,2212,153,3,0,hab,0,0,0,153
5,1730,211,4,1,hab,1,0,1,210
5,70,183,1,1,hab,1,0,10,173
5,4226,203,3,1,hab,1,0,9,194
5,4881,101,1,2,hab,2,0,7,94
5,5644,348,3,1,hab,1,0,16,332
5,4860,84,1,0,hab,0,0,0,84
5,2578,221,2,3,hab,3,0,29,192
5,4767,47,2,1,hab,1,0,5,42
5,1317,99,0,1,hab,1,0,1,98
5,5199,119,2,1,hab,1,0,1,118
5,1695,318,0,1,hab,1,0,9,309
5,1916,75,0,1,hab,1,0,4,71
5,4189,567,14,0,hab,0,0,0,567
5,5131,147,2,3,hab,3,0,14,133
5,2158,132,4,15,hab,15,0,36,96
5,5041,137,1,2,hab,2,0,14,123
5,2577,194,0,9,hab,8,1,17,177
5,3676,102,1,1,hab,1,0,1,101
5,3345,468,225,2,hab,2,0,15,453
5,3573,256,3,4,hab,4,0,4,252
5,2006,26,0,2,hab,2,0,3,23
5,1406,230,7,0,hab,0,0,0,230
5,972,94,8,0,hab,0,0,0,94
5,3771,120,1,1,hab,1,0,13,107
5,6353,111,0,1,hab,1,0,12,99
5,2965,195,1,0,hab,0,0,0,195
5,1256,300,2,1,hab,1,0,13,287
5,47,189,2,65,hab,63,2,75,114
5,2004,284,3,0,hab,0,0,0,284
5,3690,303,0,1,hab,1,0,11,292
5,2012,166,2,1,hab,1,0,2,164
5,5225,179,19,4,hab,3,1,11,168
5,3212,189,1,3,hab,3,0,15,174
5,2873,137,3,0,hab,0,0,0,137
5,4201,247,2,22,hab,19,3,43,204
5,5513,357,0,1,hab,1,0,13,344
5,2574,213,2,15,hab,14,1,24,189
5,400,167,7,2,hab,2,0,12,155
5,4067,101,0,0,hab,0,0,0,101
5,422,180,4,3,hab,3,0,9,171
5,809,124,4,2,hab,2,0,5,119
5,1207,134,5,2,hab,2,0,11,123
5,2842,584,12,2,hab,2,0,21,563
5,1630,310,3,1,hab,1,0,9,301
5,4223,221,6,0,hab,0,0,0,221
5,4505,163,0,1,hab,1,0,13,150
5,4914,428,9,2,hab,2,0,37,391
5,5250,53,0,1,hab,1,0,2,51
5,477,125,1,44,hab,41,3,43,82
5,3302,109,4,1,hab,1,0,12,97
5,4234,179,18,1,hab,1,0,10,169
5,2265,97,15,1,hab,1,0,4,93
5,1787,372,5,1,hab,0,1,0,372
5,416,421,4,1,hab,1,0,8,413
5,2092,177,4,1,hab,1,0,8,169
5,5926,157,0,1,hab,1,0,5,152
5,2175,180,1,1,hab,1,0,4,176
5,523,40,0,1,hab,1,0,1,39
5,2774,199,0,3,hab,3,0,6,193
5,3049,220,3,15,hab,15,0,44,176
5,3486,93,8,1,hab,0,1,0,93
5,1948,101,0,4,hab,4,0,13,88
5,4500,171,14,1,hab,1,0,7,164
5,4822,104,3,25,hab,24,1,32,72
5,3688,242,1,1,hab,1,0,6,236
5,5416,72,5,2,hab,2,0,6,66
5,5433,240,0,1,hab,1,0,12,228
5,834,150,4,2,hab,2,0,28,122
5,5963,123,0,1,hab,1,0,7,116
5,80,182,2,1,hab,1,0,8,174
5,2754,97,4,1,hab,0,1,0,97
5,1208,109,1,4,hab,3,1,6,103
5,5825,318,2,1,hab,1,0,15,303
5,257,79,2,0,hab,0,0,0,79
5,5964,94,2,1,hab,1,0,4,90
5,3246,175,2,1,hab,1,0,3,172
5,3707,35,1,11,hab,6,5,6,29
5,741,240,0,7,hab,4,3,8,232
5,899,268,3,3,hab,3,0,23,245
5,5699,235,2,0,hab,0,0,0,235
5,3139,137,1,1,hab,1,0,2,135
5,1108,250,4,5,hab,5,0,20,230
5,2086,275,1,37,hab,37,0,64,211
5,464,78,0,0,hab,0,0,0,78
5,2487,519,5,0,hab,0,0,0,519
5,4256,79,1,1,hab,1,0,7,72
5,3536,134,3,0,hab,0,0,0,134
5,711,61,1,2,hab,2,0,3,58
5,4426,198,1,1,hab,1,0,5,193
5,5661,175,0,7,hab,7,0,29,146
5,1580,206,1,2,hab,2,0,25,181
5,5530,139,0,1,hab,1,0,4,135
5,5973,452,6,3,hab,3,0,6,446
5,4558,122,0,1,hab,1,0,7,115
5,5550,81,0,0,hab,0,0,0,81
5,1444,132,5,1,hab,1,0,6,126
5,920,39,3,1,hab,1,0,1,38
5,3675,129,2,3,hab,3,0,11,118
5,6262,123,1,2,hab,2,0,8,115
5,4774,277,5,23,hab,22,1,68,209
5,3721,171,0,1,hab,1,0,4,167
5,595,229,16,8,hab,8,0,12,217
5,235,67,0,1,hab,1,0,1,66
5,1239,143,2,3,hab,3,0,29,114
5,668,276,5,1,hab,1,0,4,272
5,6172,156,1,1,hab,1,0,3,153
5,4825,149,2,1,hab,1,0,7,142
5,4061,202,3,7,hab,7,0,12,190
5,3846,171,9,1,hab,1,0,7,164
5,4232,264,0,1,hab,1,0,1,263
5,6166,290,3,2,hab,2,0,12,278
5,4765,168,1,1,hab,1,0,2,166
5,122,405,7,2,hab,2,0,13,392
5,4602,379,1,2,hab,2,0,20,359
5,3520,154,7,0,hab,0,0,0,154
5,5823,95,1,1,hab,0,1,0,95
5,575,278,9,0,hab,0,0,0,278
5,2805,225,6,18,hab,16,2,55,170
5,5725,280,1,3,hab,3,0,13,267
5,3481,151,1,12,hab,10,2,34,117
5,5610,241,3,1,hab,1,0,9,232
5,4341,177,5,39,hab,39,0,76,101
5,2350,166,2,1,hab,0,1,0,166
5,1540,72,1,8,hab,7,1,6,66
5,1221,127,1,1,hab,1,0,9,118
5,1155,145,1,4,hab,4,0,14,131
5,2911,218,2,8,hab,3,5,1,217
5,5049,323,0,3,hab,2,1,9,314
5,5726,129,1,12,hab,12,0,11,118
5,1957,72,2,0,hab,0,0,0,72
5,570,183,0,1,hab,1,0,6,177
5,4982,90,5,20,hab,18,2,20,70
5,2665,259,5,1,hab,1,0,1,258
5,2200,103,0,9,hab,9,0,38,65
5,519,262,5,0,hab,0,0,0,262
5,5627,146,1,1,hab,1,0,4,142
5,560,143,1,9,hab,9,0,13,130
5,5781,191,2,6,hab,6,0,17,174
5,1421,75,5,1,hab,1,0,1,74
5,1552,165,4,2,hab,2,0,5,160
5,3557,140,13,0,hab,0,0,0,140
5,3874,100,2,1,hab,1,0,4,96
5,4604,109,0,1,hab,1,0,9,100
5,1423,71,0,1,hab,1,0,7,64
5,1352,123,2,1,hab,1,0,3,120
5,1000,252,5,19,hab,19,0,31,221
5,1895,189,4,1,hab,1,0,7,182
5,2017,192,2,1,hab,1,0,5,187
5,3051,187,8,1,hab,1,0,9,178
5,2530,300,0,2,hab,2,0,8,292
5,993,100,0,1,hab,1,0,9,91
5,2167,287,0,1,hab,1,0,4,283
5,432,162,7,1,hab,1,0,4,158
5,4919,166,10,1,hab,1,0,7,159
5,5399,283,2,1,hab,1,0,8,275
5,1772,276,4,3,hab,3,0,3,273
5,4467,185,2,3,hab,3,0,15,170
5,185,180,23,2,hab,2,0,18,162
5,561,126,4,0,hab,0,0,0,126
5,4583,76,3,1,hab,1,0,4,72
5,704,241,7,1,hab,1,0,12,229
5,3208,539,6,2,hab,2,0,18,521
5,2961,177,3,1,hab,1,0,6,171
5,3043,51,2,1,hab,1,0,4,47
5,3888,54,0,3,hab,3,0,19,35
5,2885,246,0,8,hab,8,0,37,209
5,142,78,2,0,hab,0,0,0,78
5,771,314,10,1,hab,1,0,15,299
5,1443,289,10,1,hab,1,0,2,287
5,4498,184,1,1,hab,1,0,9,175
5,4589,71,1,0,hab,0,0,0,71
5,6158,176,3,1,hab,1,0,5,171
5,5921,93,0,1,hab,1,0,2,91
5,4744,274,2,1,hab,1,0,8,266
5,533,410,2,1,hab,1,0,2,408
5,407,204,0,15,hab,15,0,61,143
5,5962,334,6,1,hab,1,0,3,331
5,2914,201,1,5,hab,5,0,11,190
5,916,153,3,2,hab,2,0,7,146
5,5121,180,1,27,hab,26,1,31,149
5,5998,88,3,1,hab,1,0,4,84
5,5257,84,1,1,hab,1,0,6,78
5,532,84,2,2,hab,2,0,10,74
5,3939,246,6,0,hab,0,0,0,246
5,1488,58,0,49,hab,45,4,44,14
5,2393,198,4,13,hab,13,0,40,158
5,4566,121,0,7,hab,7,0,10,111
5,4437,137,0,0,hab,0,0,0,137
5,555,196,5,3,hab,3,0,17,179
5,2077,168,3,39,hab,39,0,69,99
5,518,166,4,1,hab,1,0,3,163
5,3110,208,2,6,hab,6,0,8,200
5,2822,243,1,1,hab,1,0,2,241
5,1875,92,2,1,hab,1,0,6,86
5,5213,263,6,1,hab,1,0,4,259
5,3010,72,1,1,hab,1,0,2,70
5,5856,146,0,1,hab,1,0,15,131
5,346,200,4,1,hab,1,0,11,189
5,5557,93,0,0,hab,0,0,0,93
5,4438,64,0,0,hab,0,0,0,64
5,6186,69,0,16,hab,15,1,15,54
5,87,86,1,1,hab,1,0,7,79
5,5554,151,1,11,hab,4,7,6,145
5,4455,381,1,1,hab,1,0,6,375
5,2974,47,0,4,hab,4,0,11,36
5,663,88,2,2,hab,2,0,15,73
5,4872,50,0,1,hab,1,0,6,44
5,4859,143,4,2,hab,2,0,12,131
5,1425,57,1,2,hab,2,0,3,54
5,772,155,14,1,hab,1,0,6,149
5,5395,168,3,1,hab,1,0,2,166
5,32,79,0,1,hab,1,0,2,77
5,2431,79,1,2,hab,2,0,3,76
5,2663,391,3,1,hab,1,0,9,382
5,594,191,1,1,hab,1,0,7,184
5,5579,149,2,1,hab,1,0,3,146
5,582,43,0,3,hab,3,0,4,39
5,770,253,7,0,hab,0,0,0,253
5,3823,276,3,1,hab,1,0,19,257
5,1446,219,5,15,hab,15,0,57,162
5,421,236,2,2,hab,1,1,5,231
5,5449,203,0,1,hab,1,0,5,198
5,5920,131,0,1,hab,1,0,13,118
5,5827,40,0,0,hab,0,0,0,40
5,665,142,0,1,hab,1,0,5,137
5,1428,50,0,1,hab,1,0,3,47
5,4181,124,4,0,hab,0,0,0,124
5,3567,52,0,28,hab,27,1,35,17
5,5155,27,7,2,hab,1,1,1,26
5,1757,99,1,1,hab,1,0,3,96
5,5209,158,1,2,hab,2,0,3,155
5,215,96,2,1,hab,1,0,1,95
5,5905,105,0,1,hab,0,1,0,105
5,5938,178,11,1,hab,0,1,0,178
5,2128,114,1,3,hab,3,0,17,97
5,5758,328,5,1,hab,1,0,10,318
5,5559,124,1,83,hab,76,7,73,51
5,1614,208,0,15,hab,15,0,37,171
5,2286,295,1,3,hab,3,0,12,283
5,4972,159,0,2,hab,2,0,3,156
5,3897,129,2,1,hab,1,0,4,125
5,696,213,2,22,hab,22,0,39,174
5,5923,69,1,2,hab,2,0,6,63
5,5656,205,8,2,hab,2,0,19,186
5,5304,145,1,1,hab,1,0,10,135
5,936,122,2,1,hab,1,0,4,118
5,1967,148,0,2,hab,2,0,6,142
5,4773,136,1,31,hab,31,0,50,86
5,1190,78,1,5,hab,4,1,6,72
5,2890,166,3,0,hab,0,0,0,166
5,5318,223,4,0,hab,0,0,0,223
5,4336,80,0,1,hab,0,1,0,80
5,3362,294,4,1,hab,1,0,6,288
5,4159,93,2,1,hab,1,0,3,90
5,5942,264,2,1,hab,1,0,2,262
5,58,55,0,12,hab,11,1,12,43
5,3288,237,3,2,hab,2,0,4,233
5,2410,91,2,0,hab,0,0,0,91
5,117,184,1,0,hab,0,0,0,184
5,1872,53,0,0,hab,0,0,0,53
5,1702,155,1,0,hab,0,0,0,155
5,5338,57,0,1,hab,1,0,5,52
5,5542,82,2,1,hab,1,0,3,79
5,234,163,0,2,hab,1,1,4,159
5,634,95,4,1,hab,1,0,5,90
5,3905,46,1,0,hab,0,0,0,46
5,4915,77,1,1,hab,1,0,3,74
5,4624,60,3,0,hab,0,0,0,60
5,3901,122,2,3,hab,3,0,5,117
5,5620,98,3,1,hab,1,0,3,95
5,4862,111,2,2,hab,2,0,9,102
5,4541,148,1,23,hab,23,0,45,103
5,6422,182,8,1,hab,1,0,18,164
5,120,185,8,42,hab,42,0,52,133
5,1351,42,1,3,hab,3,0,7,35
5,5362,82,0,1,hab,1,0,4,78
5,276,133,0,1,hab,1,0,4,129
5,4012,117,2,5,hab,4,1,10,107
5,3996,115,4,0,hab,0,0,0,115
5,4761,53,2,1,hab,0,1,0,53
5,603,77,1,1,hab,1,0,11,66
5,3028,43,0,0,hab,0,0,0,43
5,4732,33,0,1,hab,1,0,3,30
5,5324,64,0,1,hab,1,0,7,57
5,2171,50,1,1,hab,1,0,4,46
5,737,44,2,0,hab,0,0,0,44
5,2176,112,9,0,hab,0,0,0,112
5,3352,99,1,1,hab,1,0,2,97
5,4227,70,4,0,hab,0,0,0,70
5,86,84,0,2,hab,1,1,5,79
5,3004,146,1,8,hab,8,0,17,129
5,1472,64,0,1,hab,1,0,1,63
5,3399,207,0,0,hab,0,0,0,207
5,5970,27,1,1,hab,1,0,2,25
5,5812,62,0,2,hab,2,0,7,55
5,1517,72,4,1,hab,1,0,8,64
5,286,62,1,2,hab,1,1,9,53
5,861,81,11,0,hab,0,0,0,81
5,937,82,0,0,hab,0,0,0,82
5,2495,163,3,1,hab,1,0,5,158
5,2157,113,1,5,hab,4,1,13,100
5,4927,108,3,8,hab,8,0,21,87
5,650,91,2,2,hab,2,0,7,84
5,2923,108,6,1,hab,1,0,8,100
5,3480,236,4,13,hab,13,0,69,167
5,3490,70,0,4,hab,4,0,14,56
5,344,105,1,2,hab,2,0,5,100
5,3347,128,4,2,hab,2,0,8,120
5,3321,114,0,1,hab,1,0,3,111
5,4991,119,4,4,hab,4,0,10,109
5,4743,103,3,1,hab,1,0,4,99
5,4508,110,6,2,hab,2,0,7,103
5,3030,120,1,1,hab,1,0,2,118
5,3391,130,0,5,hab,5,0,13,117
5,2355,88,0,3,hab,3,0,7,81
5,1943,144,1,2,hab,2,0,5,139
5,978,142,2,1,hab,1,0,6,136
5,5518,100,4,1,hab,1,0,1,99
5,720,128,1,15,hab,14,1,10,118
5,2657,94,2,3,hab,3,0,4,90
5,593,139,1,4,hab,4,0,6,133
5,919,92,4,23,hab,23,0,38,54
5,5326,85,0,0,hab,0,0,0,85
5,3082,94,2,3,hab,3,0,4,90
5,4247,209,4,0,hab,0,0,0,209
5,4971,217,2,10,hab,7,3,40,177
5,2232,116,4,0,hab,0,0,0,116
5,5669,253,1,1,hab,1,0,6,247
5,2808,54,1,1,hab,1,0,5,49
5,5178,131,0,1,hab,1,0,2,129
5,4185,92,0,2,hab,2,0,6,86
5,2857,141,0,4,hab,3,1,5,136
5,2030,101,0,1,hab,1,0,3,98
5,55,297,1,1,hab,1,0,4,293
5,6424,126,2,0,hab,0,0,0,126
5,500,86,0,1,hab,1,0,2,84
5,3860,172,0,1,hab,1,0,1,171
5,4018,128,4,0,hab,0,0,0,128
5,5400,150,2,1,hab,1,0,4,146
5,5290,191,0,1,hab,1,0,5,186
5,5258,184,1,1,hab,1,0,2,182
5,4580,139,0,2,hab,2,0,5,134
5,3940,426,6,1,hab,1,0,5,421
5,3282,173,0,0,hab,0,0,0,173
5,2844,101,4,2,hab,2,0,5,96
5,2739,123,2,8,hab,7,1,9,114
5,1805,191,1,1,hab,1,0,3,188
5,998,165,3,1,hab,1,0,12,153
5,312,113,3,2,hab,2,0,4,109
5,3746,88,0,1,hab,1,0,4,84
5,1972,202,0,1,hab,1,0,3,199
5,625,256,0,5,hab,5,0,22,234
5,1468,133,0,1,hab,0,1,0,133
5,3465,331,0,1,hab,1,0,7,324
5,4043,410,1,1,hab,1,0,2,408
5,3315,237,0,1,hab,1,0,2,235
5,4911,356,3,0,hab,0,0,0,356
5,4368,279,2,1,hab,1,0,8,271
5,2180,188,4,1,hab,1,0,13,175
5,1493,241,1,1,hab,1,0,6,235
5,316,254,4,2,hab,2,0,7,247
5,1086,199,5,1,hab,1,0,6,193
5,1227,113,0,5,hab,5,0,9,104
5,1732,227,2,2,hab,2,0,18,209
5,513,365,0,1,hab,1,0,5,360
5,3572,56,0,0,hab,0,0,0,56
5,5739,196,0,0,hab,0,0,0,196
5,5231,167,3,2,hab,2,0,12,155
5,4573,163,1,1,hab,1,0,9,154
5,5916,240,42,0,hab,0,0,0,240
5,3328,110,3,1,hab,1,0,13,97
5,5173,130,3,0,hab,0,0,0,130
5,4496,194,1,1,hab,1,0,9,185
5,2317,276,26,1,hab,1,0,17,259
5,4078,92,1,1,hab,1,0,6,86
5,1882,396,12,1,hab,1,0,13,383
5,1631,111,1,0,hab,0,0,0,111
5,3752,303,5,0,hab,0,0,0,303
5,3729,343,1,0,hab,0,0,0,343
5,2386,105,0,1,hab,1,0,4,101
5,1450,253,0,2,hab,2,0,7,246
5,4598,148,1,1,hab,1,0,6,142
5,6139,237,0,0,hab,0,0,0,237
5,721,119,0,7,hab,5,2,13,106
5,155,399,8,2,hab,2,0,17,382
5,2792,151,2,14,hab,14,0,28,123
5,538,55,0,1,hab,1,0,3,52
5,253,144,3,1,hab,1,0,5,139
5,3291,101,6,12,hab,12,0,13,88
5,2624,119,0,1,hab,0,1,0,119
5,5060,145,4,1,hab,1,0,5,140
5,3886,262,3,7,hab,7,0,16,246
5,3223,279,0,6,hab,5,1,22,257
5,1715,190,3,11,hab,11,0,24,166
5,1144,315,3,9,hab,9,0,23,292
5,768,116,0,1,hab,1,0,3,113
5,744,437,7,3,hab,3,0,4,433
5,21,137,1,2,hab,2,0,3,134
5,3660,70,2,0,hab,0,0,0,70
5,2837,46,0,1,hab,1,0,1,45
5,301,108,2,15,hab,15,0,29,79
5,1925,28,2,1,hab,1,0,1,27
5,5549,41,0,1,hab,1,0,2,39
5,3706,27,0,7,hab,7,0,7,20
5,4188,86,0,4,hab,4,0,5,81
5,1013,22,1,2,hab,1,1,1,21
5,2315,28,1,2,hab,1,1,3,25
5,4231,64,0,7,hab,3,4,6,58
5,5167,90,0,1,hab,1,0,2,88
5,4574,38,1,1,hab,1,0,3,35
5,4176,25,0,0,hab,0,0,0,25
5,1944,50,0,24,hab,22,2,16,34
5,3289,25,1,1,hab,1,0,4,21
5,4760,17,1,23,osm,9,14,7,10
5,5531,39,0,1,hab,1,0,1,38
5,1949,34,1,1,hab,1,0,3,31
5,5429,143,1,12,hab,11,1,15,128
5,5185,34,0,11,hab,3,8,5,29
5,4999,41,0,1,hab,1,0,3,38
5,5369,40,1,1,hab,1,0,1,39
5,4215,52,0,1,hab,1,0,1,51
5,1703,305,2,14,hab,14,0,66,239
5,1206,129,0,0,hab,0,0,0,129
5,1200,122,0,16,hab,16,0,114,8
5,1049,236,4,18,hab,18,0,69,167
5,1119,41,0,1,hab,1,0,3,38
5,5038,147,4,1,hab,1,0,9,138
5,4354,128,4,2,hab,2,0,10,118
5,5643,196,0,0,hab,0,0,0,196
5,2891,41,0,1,hab,1,0,4,37
5,4252,238,1,4,hab,4,0,15,223
5,4997,325,2,6,hab,6,0,14,311
5,2320,365,6,1,hab,1,0,10,355
5,6084,58,0,16,hab,16,0,33,25
5,4006,39,1,1,hab,1,0,1,38
5,4370,1,0,0,hab,0,0,0,1
5,4349,1,0,0,hab,0,0,0,1
5,3788,1,0,0,hab,0,0,0,1
23,3334,73,0,8,hab,8,0,14,59
23,3786,67,0,19,hab,19,0,24,43
23,3788,164,0,4,hab,3,1,16,148
23,1411,190,0,4,hab,4,0,24,166
23,5734,210,0,2,hab,2,0,3,207
23,5164,289,2,2,hab,2,0,5,284
23,5316,146,0,3,hab,3,0,8,138
23,5278,64,0,3,hab,3,0,4,60
23,3789,51,0,10,hab,9,1,15,36
23,3791,151,0,51,hab,51,0,63,88
23,4037,104,0,3,hab,3,0,5,99
23,4894,87,0,30,hab,27,3,39,48
23,5551,118,0,39,hab,38,1,64,54
23,2977,174,0,2,hab,2,0,4,170
23,2511,84,14,2,hab,1,1,1,83
23,6206,191,0,1,hab,1,0,1,190
23,6211,251,7,10,hab,10,0,27,224
23,381,158,0,1,hab,0,1,0,158
23,5969,83,0,5,hab,5,0,8,75
23,3009,104,0,17,hab,15,2,17,87
23,151,95,0,17,hab,16,1,31,64
23,3384,83,0,5,hab,5,0,10,73
23,1344,279,0,0,hab,0,0,0,279
23,5474,374,0,2,hab,2,0,10,364
23,5192,131,0,1,hab,1,0,7,124
23,734,200,0,2,hab,2,0,7,193
23,1389,127,0,1,hab,1,0,1,126
23,1408,188,0,2,hab,2,0,8,180
23,1820,154,0,2,hab,2,0,6,148
23,6082,173,2,0,hab,0,0,0,173
23,6483,220,2,3,hab,3,0,27,193
23,5196,172,1,1,hab,0,1,0,172
23,3556,143,0,1,hab,1,0,1,142
23,3787,146,0,4,hab,3,1,8,138
23,1890,159,0,2,hab,2,0,5,154
23,3790,244,0,2,hab,1,1,1,243
23,3792,97,0,1,hab,1,0,1,96
23,4339,163,0,1,hab,0,1,0,163
23,5095,154,2,13,hab,12,1,33,121
20,3005,316,1,237,hab,233,4,267,49
20,1097,300,0,223,hab,210,13,219,81
20,3850,173,1,17,hab,17,0,18,155
20,1932,128,0,126,hab,119,7,122,6
20,5597,129,0,88,hab,84,4,88,41
20,2022,244,0,2,hab,2,0,3,241
20,361,224,0,18,hab,16,2,23,201
20,3898,182,0,24,hab,23,1,24,158
20,2900,172,0,5,hab,5,0,7,165
20,794,140,0,112,hab,110,2,113,27
20,5703,115,0,1,hab,1,0,1,114
20,4645,201,1,187,hab,186,1,189,12
20,4948,288,2,1,hab,1,0,1,287
20,7111,135,3,146,osm,118,28,116,19
20,973,148,4,9,hab,7,2,6,142
20,5521,191,0,1,hab,1,0,1,190
20,336,104,0,71,hab,65,6,74,30
20,3776,287,0,0,hab,0,0,0,287
20,5729,133,0,2,hab,2,0,2,131
20,1327,304,0,18,hab,15,3,16,288
20,2326,180,0,3,hab,3,0,6,174
20,445,151,0,134,hab,134,0,142,9
20,5583,189,0,148,hab,137,11,141,48
20,4367,220,1,7,hab,4,3,6,214
20,923,139,1,1,hab,1,0,1,138
20,4592,226,2,3,hab,1,2,1,225
20,4925,199,0,5,hab,4,1,7,192
20,6352,225,0,220,hab,205,15,208,17
20,4928,222,0,14,hab,12,2,16,206
20,1568,98,0,2,hab,2,0,2,96
20,2296,153,0,12,hab,11,1,11,142
20,3276,183,1,8,hab,7,1,7,176
20,1562,114,0,13,hab,13,0,13,101
20,4170,133,1,1,hab,1,0,1,132
20,5390,147,1,2,hab,2,0,3,144
20,261,279,0,30,hab,28,2,29,250
20,5274,240,0,34,hab,32,2,64,176
20,5243,151,0,3,hab,2,1,2,149
20,4206,202,0,3,hab,3,0,3,199
20,5522,226,2,4,hab,2,2,3,223
20,5692,234,0,222,hab,214,8,215,19
20,778,132,0,4,hab,1,3,1,131
20,3564,130,0,1,hab,1,0,1,129
20,412,206,0,4,hab,2,2,3,203
20,5062,215,1,199,hab,195,4,205,10
20,337,149,1,1,hab,1,0,1,148
20,3346,288,2,22,hab,20,2,21,267
20,3025,177,0,5,hab,4,1,4,173
20,4091,311,0,1,hab,1,0,2,309
20,2458,171,0,103,hab,101,2,109,62
20,4218,179,3,164,hab,146,18,146,33
20,5484,197,0,172,hab,162,10,166,31
20,3702,231,0,4,hab,4,0,5,226
20,2583,109,0,148,osm,117,31,101,8
20,3257,193,0,3,hab,3,0,4,189
20,436,155,0,35,hab,30,5,36,119
20,5635,245,0,0,hab,0,0,0,245
20,3856,86,0,88,osm,75,13,74,12
20,2143,175,1,52,hab,51,1,52,123
20,7113,93,1,81,hab,78,3,80,13
20,7114,111,2,109,hab,100,9,100,11
20,487,252,2,196,hab,183,13,200,52
20,2162,209,0,2,hab,1,1,1,208
20,2466,264,0,227,hab,208,19,215,49
20,3627,94,0,1,hab,0,1,0,94
20,586,136,0,2,hab,1,1,1,135
20,1512,172,0,2,hab,1,1,2,170
20,1257,142,0,154,osm,140,14,131,11
20,3650,171,0,4,hab,4,0,4,167
20,3377,132,0,2,hab,2,0,2,130
20,5618,150,0,3,hab,3,0,5,145
20,3610,175,0,6,hab,6,0,8,167
20,2513,214,0,182,hab,181,1,193,21
20,4612,132,0,1,hab,1,0,1,131
20,855,151,1,0,hab,0,0,0,151
20,5065,184,0,0,hab,0,0,0,184
20,4550,191,1,1,hab,1,0,1,190
20,4075,244,1,213,hab,213,0,227,17
20,447,95,0,0,hab,0,0,0,95
20,5335,217,0,15,hab,14,1,13,204
20,3654,223,0,202,hab,193,9,196,27
20,3392,148,0,140,hab,139,1,143,5
20,1853,270,0,3,hab,2,1,3,267
20,6128,111,1,3,hab,3,0,3,108
20,520,103,0,0,hab,0,0,0,103
20,2073,224,1,215,hab,212,3,216,8
20,3782,143,0,4,hab,3,1,3,140
20,6170,154,1,2,hab,2,0,2,152
20,1466,247,0,195,hab,185,10,191,56
20,4834,130,0,33,hab,33,0,36,94
20,362,190,1,11,hab,11,0,11,179
20,954,154,0,139,hab,134,5,136,18
20,4987,134,0,167,osm,140,27,123,11
20,3565,208,0,13,hab,10,3,12,196
20,1506,233,1,5,hab,5,0,9,224
20,5616,296,0,1,hab,1,0,5,291
20,2984,168,0,2,hab,2,0,2,166
20,1917,236,0,4,hab,4,0,4,232
20,2055,96,0,1,hab,1,0,2,94
20,738,188,0,3,hab,3,0,4,184
20,1973,194,0,215,osm,180,35,170,24
20,7112,142,2,131,hab,129,2,126,16
20,1809,166,0,3,hab,3,0,3,163
20,2899,110,0,40,hab,35,5,36,74
20,205,87,0,17,hab,10,7,10,77
20,4213,145,0,120,hab,108,12,109,36
20,150,153,0,0,hab,0,0,0,153
20,666,142,0,3,hab,3,0,4,138
20,5405,190,0,175,hab,172,3,174,16
20,3994,231,0,160,hab,153,7,160,71
20,3815,111,0,1,hab,1,0,1,110
20,2168,93,0,3,hab,2,1,4,89
20,5516,127,0,2,hab,2,0,1,126
20,3818,210,1,211,osm,175,36,172,38
20,4978,380,0,262,hab,258,4,307,73
20,5410,190,0,4,hab,4,0,6,184
20,4727,224,0,7,hab,6,1,7,217
20,648,276,1,139,hab,133,6,140,136
20,5486,193,0,155,hab,135,20,136,57
20,6201,258,0,0,hab,0,0,0,258
20,4603,157,1,2,hab,2,0,2,155
20,4494,192,0,13,hab,11,2,18,174
20,5485,289,0,15,hab,14,1,12,277
20,4526,101,0,6,hab,3,3,4,97
20,2276,142,0,0,hab,0,0,0,142
20,1355,180,0,0,hab,0,0,0,180
20,99,191,0,189,hab,182,7,182,9
20,5514,217,0,205,hab,205,0,209,8
20,3908,167,0,158,hab,151,7,156,11
20,905,139,0,1,hab,1,0,1,138
20,4913,318,0,204,hab,197,7,235,83
20,2773,105,3,91,hab,86,5,81,24
20,4346,117,0,128,osm,121,7,111,6
20,1510,218,1,4,hab,4,0,9,209
20,4853,147,0,5,hab,2,3,2,145
20,1419,232,0,9,hab,9,0,11,221
20,5710,235,2,198,hab,197,1,220,15
20,2929,136,0,3,hab,3,0,3,133
20,389,284,5,43,hab,39,4,52,232
20,5988,112,0,1,hab,0,1,0,112
20,2484,128,1,0,hab,0,0,0,128
20,4267,188,0,159,hab,148,11,154,34
20,258,277,1,208,hab,199,9,219,58
20,5918,210,0,197,hab,190,7,189,21
20,494,163,0,5,hab,5,0,7,156
20,2363,146,0,7,hab,7,0,8,138
20,3304,130,1,4,hab,2,2,2,128
20,4554,166,2,5,hab,4,1,5,161
20,5478,152,0,8,hab,6,2,6,146
20,898,277,0,227,hab,225,2,235,42
20,3550,240,1,212,hab,211,1,222,18
20,2956,181,1,177,hab,145,32,142,39
20,863,158,0,146,hab,137,9,140,18
20,369,150,0,6,hab,6,0,9,141
20,2445,146,0,135,hab,129,6,130,16
20,2129,291,0,22,hab,15,7,6,285
20,5677,274,0,219,hab,209,10,223,51
20,281,184,0,164,hab,143,21,143,41
20,1008,183,0,6,hab,6,0,8,175
20,587,202,1,7,hab,5,2,7,195
20,3007,177,0,43,hab,43,0,52,125
20,3531,222,0,218,hab,207,11,211,11
20,5954,180,0,4,hab,3,1,3,177
20,1539,221,1,8,hab,6,2,6,215
20,2821,176,0,16,hab,12,4,13,163
20,2465,246,1,66,hab,65,1,108,138
20,1384,153,0,149,hab,130,19,132,21
20,3527,175,0,0,hab,0,0,0,175
20,3624,223,0,212,hab,193,19,186,37
20,2364,200,0,7,hab,1,6,1,199
20,4524,196,1,184,hab,182,2,181,15
20,1610,198,1,10,hab,10,0,17,181
20,1885,195,0,200,osm,184,16,181,14
20,1060,138,0,24,hab,19,5,20,118
20,5010,207,0,147,hab,147,0,164,43
20,116,101,0,0,hab,0,0,0,101
20,1576,100,2,1,hab,1,0,2,98
20,2367,141,0,7,hab,3,4,3,138
20,4787,236,0,155,hab,151,4,165,71
20,49,118,0,171,osm,148,23,118,0
20,424,93,0,3,hab,2,1,3,90
20,4747,127,0,121,hab,102,19,93,34
20,2752,115,2,50,hab,44,6,48,67
20,1076,133,0,3,hab,2,1,3,130
20,1898,133,0,81,hab,79,2,84,49
20,2066,300,2,183,hab,171,12,194,106
20,3386,182,0,160,hab,136,24,148,34
20,5674,269,5,1,hab,1,0,1,268
20,3922,204,0,282,osm,199,83,173,31
20,2311,177,0,154,hab,142,12,151,26
20,5119,170,0,125,hab,110,15,108,62
20,119,149,0,1,hab,0,1,0,149
20,5606,285,0,0,hab,0,0,0,285
20,1087,114,3,2,hab,2,0,2,112
20,413,160,0,3,hab,2,1,2,158
20,2905,219,0,200,hab,197,3,198,21
20,6190,130,0,6,hab,5,1,5,125
20,6081,155,0,125,hab,122,3,125,30
20,5526,171,0,139,hab,133,6,138,33
20,683,199,0,4,hab,4,0,4,195
20,4463,105,0,0,hab,0,0,0,105
20,4721,211,0,0,hab,0,0,0,211
20,2194,154,0,0,hab,0,0,0,154
20,2840,116,0,3,hab,3,0,3,113
20,2095,190,0,75,hab,73,2,76,114
20,4423,131,0,214,osm,152,62,113,18
20,1326,296,0,266,hab,260,6,273,23
20,5468,54,1,1,hab,1,0,1,53
20,2616,120,0,91,hab,90,1,95,25
20,115,169,1,156,hab,155,1,161,8
20,4512,160,0,4,hab,4,0,3,157
20,3089,199,1,155,hab,151,4,154,45
20,6362,180,0,126,hab,107,19,103,77
20,626,259,0,3,hab,3,0,3,256
20,4205,302,0,261,hab,250,11,273,29
20,5224,125,0,149,osm,109,40,101,24
20,3920,169,0,169,hab,148,21,147,22
20,5885,174,0,18,hab,13,5,12,162
20,5165,205,1,1,hab,0,1,0,205
20,4813,96,0,167,osm,100,67,79,17
20,929,143,1,73,hab,72,1,71,72
20,1399,62,0,6,hab,1,5,1,61
20,3977,132,0,0,hab,0,0,0,132
20,2934,147,0,1,hab,1,0,1,146
20,775,106,0,4,hab,2,2,3,103
20,2904,183,0,37,hab,36,1,40,143
20,90,94,4,1,hab,1,0,1,93
20,1836,144,0,1,hab,1,0,1,143
20,2733,164,0,0,hab,0,0,0,164
20,5510,109,0,5,hab,5,0,5,104
20,6094,141,1,0,hab,0,0,0,141
20,730,288,0,239,hab,223,16,236,52
20,6363,139,1,0,hab,0,0,0,139
20,1273,80,0,1,hab,1,0,2,78
20,6089,161,0,13,hab,13,0,17,144
20,1211,211,0,2,hab,1,1,2,209
20,378,91,0,2,hab,2,0,4,87
20,2823,125,0,8,hab,5,3,7,118
20,1077,191,0,4,hab,2,2,2,189
20,5750,134,0,2,hab,2,0,2,132
20,3230,47,0,0,hab,0,0,0,47
20,6168,87,1,1,hab,1,0,1,86
20,3176,69,0,30,hab,23,7,19,50
20,248,140,0,125,hab,118,7,120,20
20,6486,130,0,1,hab,1,0,1,129
20,4094,161,0,42,hab,37,5,34,127
20,3325,172,1,132,hab,128,4,137,35
20,5960,264,2,111,hab,107,4,118,146
20,4884,265,0,2,hab,1,1,1,264
20,4108,180,0,1,hab,1,0,1,179
20,2853,121,0,0,hab,0,0,0,121
20,526,122,0,35,hab,31,4,29,93
20,364,165,0,3,hab,3,0,4,161
20,4996,98,0,1,hab,1,0,2,96
20,1253,159,1,3,hab,2,1,3,156
20,2919,81,0,1,hab,1,0,1,80
20,858,110,0,159,osm,103,56,84,26
20,6165,211,2,170,hab,170,0,193,18
20,5736,128,0,5,hab,5,0,5,123
20,2970,84,0,20,hab,20,0,23,61
20,3590,168,0,152,hab,148,4,153,15
20,3046,134,0,13,hab,13,0,14,120
20,5707,162,0,74,hab,71,3,88,74
20,4324,123,0,103,hab,92,11,90,33
20,1641,188,0,4,hab,4,0,6,182
20,352,152,0,51,hab,51,0,54,98
20,6010,95,0,2,hab,2,0,2,93
20,5172,110,0,3,hab,2,1,3,107
20,2955,95,0,0,hab,0,0,0,95
20,356,139,0,135,hab,116,19,116,23
20,4510,124,0,7,hab,5,2,4,120
20,4466,126,0,2,hab,1,1,1,125
20,904,210,1,4,hab,2,2,3,207
20,3811,111,0,0,hab,0,0,0,111
20,4216,165,0,17,hab,16,1,18,147
20,5470,298,2,113,hab,108,5,114,184
20,2771,142,0,0,hab,0,0,0,142
20,1153,134,0,104,hab,94,10,98,36
20,631,95,0,1,hab,1,0,1,94
20,4318,58,0,1,hab,1,0,2,56
20,2545,262,0,8,hab,4,4,4,258
20,1968,80,0,1,hab,1,0,1,79
20,1261,87,0,4,hab,4,0,4,83
20,5271,105,0,2,hab,2,0,3,102
20,846,128,0,0,hab,0,0,0,128
20,2531,119,0,229,osm,154,75,115,4
20,1931,132,0,134,osm,96,38,93,39
20,3298,208,0,139,hab,134,5,138,70
20,4325,100,0,4,hab,3,1,4,96
20,722,145,0,1,hab,0,1,0,145
20,1263,126,0,0,hab,0,0,0,126
20,5076,95,0,0,hab,0,0,0,95
20,4323,62,0,1,hab,1,0,1,61
20,4762,145,1,80,hab,73,7,78,67
20,3895,88,1,1,hab,1,0,2,86
20,5708,158,0,4,hab,3,1,3,155
20,1940,163,0,3,hab,3,0,3,160
20,6418,76,0,0,hab,0,0,0,76
20,5487,232,0,180,hab,167,13,179,53
20,4619,108,0,2,hab,1,1,1,107
20,2244,93,0,82,hab,77,5,76,17
20,427,220,0,6,hab,6,0,14,206
20,287,100,0,23,hab,22,1,23,77
20,3358,108,0,1,hab,1,0,1,107
20,127,87,2,150,osm,89,61,76,11
20,5014,121,0,0,hab,0,0,0,121
20,746,50,0,1,hab,0,1,0,50
20,4820,120,0,24,hab,21,3,21,99
20,4764,90,0,79,hab,76,3,76,14
20,4458,135,0,125,hab,125,0,127,8
20,799,86,0,95,osm,70,25,64,22
20,2517,63,0,2,hab,0,2,0,63
20,2763,104,0,4,hab,4,0,6,98
14,3820,179,0,854,osm,677,177,178,1
14,1487,507,0,6,hab,6,0,17,490
14,3327,195,0,170,hab,145,25,150,45
14,2795,536,0,948,osm,895,53,535,1
14,1204,272,0,169,hab,162,7,168,104
14,1676,272,0,452,osm,429,23,263,9
14,931,342,0,2,hab,1,1,2,340
14,884,229,0,3,hab,3,0,12,217
14,4046,448,0,1,hab,1,0,3,445
14,4289,90,0,64,hab,53,11,58,32
14,2295,175,0,5,hab,5,0,8,167
14,3265,544,0,176,hab,170,6,206,338
14,5715,482,1,14,hab,14,0,64,418
14,4082,249,0,176,hab,170,6,208,41
14,1096,233,0,462,osm,419,43,226,7
14,4072,184,0,229,osm,203,26,161,23
14,5935,253,0,1,hab,1,0,2,251
14,2160,82,0,5,hab,3,2,8,74
14,811,238,0,312,osm,283,29,232,6
14,824,331,0,739,osm,586,153,197,134
14,124,198,0,12,hab,11,1,19,179
14,2533,304,0,525,osm,482,43,300,4
14,4107,616,0,3,hab,2,1,9,607
14,6008,397,0,757,osm,715,42,396,1
14,4501,147,0,148,osm,138,10,120,27
14,5306,228,0,536,osm,402,134,178,50
14,5357,123,0,355,osm,241,114,75,48
14,4534,212,0,372,osm,270,102,118,94
14,1573,241,0,80,hab,74,6,70,171
14,5491,124,0,407,osm,328,79,121,3
14,1774,343,0,3,hab,3,0,9,334
14,3751,533,0,531,hab,499,32,511,22
14,1803,94,0,3,hab,2,1,6,88
14,4406,262,0,36,hab,29,7,19,243
14,4821,267,0,13,hab,12,1,25,242
14,4980,141,0,375,osm,310,65,130,11
14,517,77,0,334,osm,197,137,74,3
14,2007,343,1,162,hab,159,3,261,82
14,4316,163,0,445,osm,427,18,162,1
14,5756,97,0,68,hab,60,8,73,24
14,1904,330,0,4,hab,4,0,16,314
14,3368,216,0,11,hab,10,1,17,199
14,1201,124,0,106,hab,89,17,71,53
14,5808,247,0,503,osm,447,56,246,1
14,6214,106,0,10,hab,10,0,17,89
14,1131,123,0,721,osm,554,167,123,0
14,1575,351,0,4,hab,3,1,9,342
14,4083,188,0,25,hab,20,5,28,160
14,414,186,0,185,hab,174,11,156,30
14,945,298,0,13,hab,13,0,39,259
14,2120,198,1,0,hab,0,0,0,198
14,4086,219,0,2,hab,2,0,2,217
14,2699,271,0,115,hab,114,1,152,119
14,6114,197,0,748,osm,562,186,191,6
14,4358,259,0,24,hab,13,11,19,240
14,1950,298,0,3,hab,3,0,6,292
14,4187,171,0,335,osm,319,16,168,3
14,1620,301,0,8,hab,8,0,19,282
14,5061,162,0,293,osm,248,45,118,44
14,4516,63,0,148,osm,132,16,61,2
14,8002,153,0,1,hab,1,0,3,150
14,4955,266,0,125,hab,100,25,137,129
14,635,231,0,374,osm,342,32,226,5
14,7998,79,0,209,osm,189,20,75,4
14,5183,166,0,263,osm,225,38,159,7
14,6076,173,0,0,hab,0,0,0,173
14,450,199,0,177,hab,170,7,189,10
14,3239,140,0,268,osm,143,125,91,49
14,8000,85,0,118,osm,89,29,81,4
14,2653,71,0,113,osm,71,42,65,6
14,204,391,0,494,osm,486,8,391,0
14,4807,99,0,133,osm,90,43,80,19
14,5568,56,0,332,osm,231,101,56,0
14,2714,243,0,104,hab,102,2,124,119
25,68,40,0,4,hab,4,0,8,32
25,3078,18,0,14,hab,13,1,15,3
25,1930,22,0,5,hab,5,0,5,17
25,4321,63,0,3,hab,1,2,1,62
25,5431,38,0,14,hab,14,0,15,23
25,3808,73,0,8,hab,8,0,9,64
25,3228,42,1,1,hab,1,0,1,41
25,1564,45,0,1,hab,1,0,1,44
25,3437,26,0,7,hab,7,0,14,12
25,6118,28,0,11,hab,9,2,10,18
25,5887,23,0,6,hab,6,0,9,14
25,4736,15,1,16,osm,16,0,14,1
25,1225,28,0,16,hab,14,2,15,13
25,3910,21,0,12,hab,12,0,13,8
25,4722,30,0,11,hab,10,1,12,18
25,5471,17,0,4,hab,4,0,4,13
25,4731,25,0,2,hab,2,0,3,22
25,3835,34,0,14,hab,13,1,18,16
25,5529,12,0,4,hab,4,0,4,8
25,3032,12,0,3,hab,3,0,4,8
25,6053,14,0,1,hab,1,0,1,13
25,5364,24,0,1,hab,1,0,1,23
25,4337,31,0,6,hab,6,0,9,22
25,4338,12,0,1,hab,1,0,1,11
25,1244,15,0,5,hab,5,0,5,10
25,3436,12,0,1,hab,1,0,1,11
25,1186,13,0,1,hab,1,0,2,11
25,6438,25,0,1,hab,1,0,2,23
25,791,50,1,2,hab,2,0,3,47
25,6439,27,0,3,hab,3,0,5,22
25,5367,37,0,7,hab,7,0,11,26
25,3669,32,0,14,hab,13,1,14,18
25,1361,13,0,1,hab,1,0,2,11
25,4389,10,1,3,hab,3,0,3,7
25,1176,31,0,5,hab,5,0,5,26
25,3435,14,0,1,hab,1,0,1,13
25,4390,9,0,9,hab,8,1,7,2
25,3057,10,0,4,hab,4,0,6,4
25,6120,24,0,13,hab,13,0,19,5
25,3041,30,0,3,hab,3,0,5,25
25,5957,27,0,10,hab,10,0,12,15
25,6140,41,0,11,hab,11,0,23,18
25,1277,30,0,19,hab,19,0,20,10
25,5695,35,0,13,hab,12,1,18,17
25,4857,51,0,7,hab,6,1,9,42
25,6489,19,0,1,hab,0,1,0,19
25,5824,32,0,3,hab,3,0,5,27
25,6408,16,0,6,hab,5,1,5,11
25,4709,31,0,10,hab,9,1,10,21
25,2372,17,0,18,osm,18,0,15,2
25,2403,46,0,9,hab,8,1,10,36
25,6126,34,0,7,hab,7,0,11,23
34,307,351,6,315,hab,301,14,313,38
34,4643,177,14,80,hab,77,3,123,54
34,4405,147,8,118,hab,116,2,138,9
34,2640,241,5,135,hab,132,3,181,60
34,1536,246,10,118,hab,116,2,147,99
34,4379,106,1,174,osm,96,78,60,46
34,4618,156,4,102,hab,70,32,68,88
34,6365,67,11,36,hab,26,10,20,47
34,4000,218,4,331,osm,248,83,206,12
34,1132,214,0,316,osm,288,28,214,0
34,3147,215,2,10,hab,10,0,23,192
34,1627,162,8,333,osm,303,30,133,29
34,2374,148,6,193,osm,178,15,144,4
34,2464,253,1,559,osm,376,183,249,4
34,3047,153,2,151,hab,141,10,113,40
34,4182,207,2,358,osm,270,88,189,18
34,4824,120,1,185,osm,164,21,120,0
34,6001,157,2,319,osm,241,78,157,0
34,953,160,4,13,hab,13,0,42,118
34,3983,164,9,30,hab,26,4,57,107
34,2693,205,5,27,hab,27,0,57,148
34,726,273,5,122,hab,111,11,108,165
34,1856,309,5,154,hab,141,13,170,139
34,2745,200,2,437,osm,270,167,193,7
34,1889,185,0,392,osm,286,106,184,1
34,377,469,103,305,hab,291,14,367,102
34,971,248,11,314,osm,289,25,243,5
34,5793,508,12,449,hab,404,45,504,4
34,1723,224,3,234,osm,202,32,187,37
34,1687,267,20,258,osm,219,39,231,36
34,5859,147,5,221,osm,167,54,143,4
34,5925,263,4,337,osm,324,13,260,3
34,1731,226,8,235,osm,215,20,224,2
34,782,96,9,133,osm,122,11,90,6
34,849,188,13,221,osm,206,15,185,3
34,1202,163,3,278,osm,205,73,161,2
34,1602,227,11,277,osm,231,46,215,12
34,3008,123,1,93,hab,89,4,118,5
34,1721,204,9,257,osm,235,22,200,4
34,2199,218,5,234,osm,216,18,191,27
34,3372,412,34,199,hab,182,17,334,78
34,5835,190,5,302,osm,256,46,188,2
34,4093,289,1,336,osm,322,14,288,1
34,826,97,0,228,osm,127,101,84,13
34,4788,122,19,167,osm,139,28,112,10
34,5168,183,8,269,osm,244,25,179,4
34,5979,201,1,406,osm,276,130,201,0
34,1313,102,0,243,osm,161,82,101,1
34,5694,123,2,2,hab,2,0,3,120
34,776,260,0,561,osm,363,198,257,3
34,395,114,8,23,hab,14,9,22,92
34,769,80,1,78,hab,58,20,57,23
34,5253,104,4,142,osm,68,74,55,49
34,4947,109,6,195,osm,113,82,79,30
34,2656,203,2,286,osm,266,20,203,0
34,1656,74,14,33,hab,11,22,23,51
34,1113,154,1,504,osm,305,199,149,5
34,2959,49,2,27,hab,23,4,29,20
34,3425,144,6,20,hab,17,3,33,111
34,3353,85,1,37,hab,30,7,34,51
34,4203,96,3,52,hab,50,2,70,26
34,5198,89,8,30,hab,29,1,34,55
34,1137,244,9,65,hab,32,33,51,193
34,5996,92,5,97,osm,70,27,88,4
34,4789,132,2,115,hab,103,12,103,29
34,6448,225,5,310,osm,282,28,217,8
34,6477,216,31,247,osm,227,20,195,21
34,1707,121,1,253,osm,162,91,111,10
34,3923,92,0,192,osm,110,82,85,7
34,4228,181,0,301,osm,190,111,139,42
34,4874,78,1,19,hab,15,4,33,45
34,678,113,19,5,hab,2,3,4,109
34,1795,69,1,5,hab,5,0,8,61
34,2452,103,2,21,hab,20,1,23,80
34,2579,88,0,5,hab,2,3,3,85
34,2809,75,1,2,hab,2,0,1,74
34,5204,85,1,2,hab,1,1,1,84
34,1538,71,3,158,osm,81,77,69,2
34,1459,112,2,168,osm,136,32,106,6
34,4167,145,2,146,osm,101,45,135,10
34,2765,206,83,127,osm,122,5,108,98
34,2529,90,1,151,osm,107,44,87,3
34,1924,89,1,155,osm,116,39,88,1
34,1808,219,0,254,osm,183,71,180,39
34,2375,167,10,245,osm,189,56,135,32
34,562,100,0,9,hab,9,0,29,71
34,6192,134,0,237,osm,180,57,132,2
34,5053,185,0,38,hab,18,20,29,156
34,3152,115,5,119,osm,92,27,95,20
34,733,128,4,204,osm,160,44,127,1
34,1581,46,2,179,osm,112,67,46,0
34,2114,239,0,49,hab,25,24,58,181
34,5040,123,6,175,osm,158,17,120,3
34,856,108,15,237,osm,158,79,102,6
34,1579,69,4,62,hab,27,35,24,45
18,7109,132,0,19,hab,19,0,38,94
18,6154,172,0,8,hab,8,0,29,143
18,3827,154,6,7,hab,5,2,30,124
18,4529,225,3,43,hab,22,21,48,177
18,4704,378,14,32,hab,30,2,137,241
18,6250,126,0,4,hab,4,0,27,99
18,4276,155,0,4,hab,4,0,20,135
18,6289,161,0,24,hab,24,0,48,113
18,1357,628,9,10,hab,10,0,108,520
18,3314,283,10,11,hab,11,0,61,222
18,6321,392,17,33,hab,33,0,222,170
18,1126,471,9,13,hab,8,5,72,399
18,4652,427,12,16,hab,16,0,123,304
18,3692,238,8,57,hab,57,0,138,100
18,4710,480,31,151,hab,149,2,256,224
18,4716,169,9,4,hab,3,1,17,152
18,4798,136,0,12,hab,11,1,34,102
18,5909,170,1,24,hab,24,0,68,102
18,6105,177,2,14,hab,6,8,6,171
18,6333,182,5,34,hab,33,1,68,114
18,6414,273,11,10,hab,10,0,34,239
18,1210,182,0,5,hab,5,0,55,127
18,233,299,11,82,hab,75,7,141,158
18,7108,369,24,14,hab,13,1,58,311
18,3118,295,10,32,hab,31,1,103,192
18,3582,219,15,36,hab,35,1,85,134
18,6106,219,2,55,hab,54,1,116,103
18,7105,277,4,23,hab,23,0,64,213
18,5220,198,7,7,hab,7,0,15,183
18,304,184,0,8,hab,7,1,23,161
18,1335,212,8,10,hab,9,1,20,192
18,3033,190,0,3,hab,3,0,7,183
18,255,142,8,3,hab,3,0,26,116
18,804,283,10,42,hab,42,0,122,161
18,2872,132,1,4,hab,4,0,17,115
18,1320,141,0,3,hab,3,0,13,128
18,4445,118,3,15,hab,13,2,40,78
18,3075,507,0,59,hab,58,1,133,374
18,3780,410,42,7,hab,7,0,61,349
18,3580,371,8,19,hab,19,0,133,238
18,1242,198,0,0,hab,0,0,0,198
18,3268,260,7,39,hab,39,0,103,157
18,4715,175,0,5,hab,5,0,17,158
18,3063,520,5,28,hab,24,4,75,445
18,4552,170,6,19,hab,19,0,46,124
18,2307,248,2,17,hab,17,0,96,152
18,2322,226,3,8,hab,8,0,56,170
18,4027,191,10,0,hab,0,0,0,191
18,130,142,5,6,hab,6,0,44,98
18,1098,345,3,13,hab,13,0,58,287
18,285,116,0,6,hab,6,0,19,97
18,6279,248,24,6,hab,5,1,21,227
18,1136,165,14,10,hab,10,0,45,120
18,4263,198,16,4,hab,4,0,21,177
18,1231,266,12,7,hab,7,0,43,223
18,3316,174,4,7,hab,7,0,23,151
18,3581,141,3,5,hab,4,1,8,133
18,4632,162,1,32,hab,32,0,82,80
18,6064,142,1,18,hab,18,0,49,93
18,1734,290,6,18,hab,18,0,118,172
18,4846,217,21,4,hab,4,0,37,180
18,3601,286,11,13,hab,13,0,72,214
18,2152,230,22,2,hab,2,0,25,205
18,5102,296,21,44,hab,42,2,110,186
18,4504,213,13,19,hab,19,0,82,131
18,6046,142,1,6,hab,6,0,26,116
18,2721,245,19,4,hab,4,0,28,217
18,4635,176,22,3,hab,3,0,19,157
18,6072,100,5,8,hab,8,0,22,78
18,6317,154,9,7,hab,7,0,38,116
18,210,331,1,11,hab,11,0,106,225
18,3975,246,6,3,hab,3,0,55,191
18,5978,322,8,8,hab,8,0,101,221
18,4892,324,10,5,hab,5,0,48,276
18,3761,340,0,9,hab,9,0,82,258
18,4383,382,20,2,hab,2,0,12,370
18,1209,332,2,8,hab,7,1,54,278
18,6398,350,41,7,hab,7,0,32,318
18,480,222,3,83,hab,82,1,112,110
18,1223,249,1,75,hab,75,0,163,86
18,3270,306,6,32,hab,32,0,116,190
18,1746,47,0,38,hab,26,12,23,24
18,3356,43,1,68,osm,43,25,31,12
18,4489,90,3,30,hab,24,6,32,58
18,1753,60,2,12,hab,8,4,14,46
18,3467,51,5,7,hab,7,0,7,44
18,2573,72,3,14,hab,13,1,19,53
18,79,261,6,10,hab,10,0,36,225
18,4277,159,3,18,hab,17,1,31,128
18,4399,157,7,38,hab,38,0,62,95
18,5221,116,5,37,hab,33,4,49,67
18,3695,165,3,19,hab,17,2,31,134
18,4302,310,8,9,hab,9,0,33,277
18,6248,52,0,47,hab,35,12,30,22
18,6261,39,1,24,hab,22,2,13,26
18,6299,50,0,25,hab,19,6,18,32
18,2306,192,2,39,hab,38,1,70,122
18,2308,124,0,24,hab,19,5,31,93
18,4707,119,1,28,hab,25,3,47,72
18,7110,113,0,4,hab,4,0,12,101
18,4651,137,2,46,hab,34,12,45,92
18,5977,120,1,10,hab,10,0,30,90
18,5874,169,0,54,hab,38,16,49,120
18,6320,206,7,10,hab,10,0,35,171
18,3097,174,3,7,hab,7,0,17,157
18,2804,123,0,29,hab,23,6,34,89
18,1334,160,0,11,hab,10,1,46,114
18,2716,99,1,71,hab,61,10,74,25
18,7106,108,0,29,hab,16,13,18,90
18,3684,143,0,38,hab,32,6,57,86
18,4304,95,1,20,hab,15,5,25,70
18,7107,115,4,99,hab,55,44,54,61
18,81,71,0,31,hab,30,1,30,41
18,198,157,13,13,hab,10,3,20,137
18,1726,35,3,1,hab,1,0,2,33
18,3124,92,7,20,hab,14,6,16,76
18,3165,176,12,42,hab,20,22,66,110
18,3969,86,3,17,hab,15,2,39,47
18,4030,136,7,22,hab,15,7,34,102
18,4479,65,0,4,hab,4,0,9,56
18,4490,139,3,18,hab,16,2,43,96
18,4543,73,3,8,hab,6,2,12,61
18,4556,55,2,8,hab,8,0,23,32
18,6254,137,4,17,hab,13,4,36,101
18,6298,107,2,5,hab,3,2,7,100
18,180,389,3,9,hab,9,0,39,350
18,2722,39,1,40,osm,14,26,15,24
18,3083,230,2,7,hab,7,0,39,191
18,4366,251,1,10,hab,10,0,73,178
18,4607,262,4,6,hab,6,0,22,240
18,5430,366,1,13,hab,13,0,91,275
18,1725,164,7,14,hab,14,0,41,123
18,2734,129,0,3,hab,3,0,26,103
18,3311,142,0,25,hab,24,1,52,90
18,23,247,7,15,hab,14,1,38,209
18,328,153,9,39,hab,31,8,47,106
18,2280,208,30,26,hab,21,5,50,158
18,2851,162,23,69,hab,56,13,81,81
18,4264,125,11,35,hab,27,8,41,84
18,6047,200,18,17,hab,17,0,69,131
18,3196,37,0,12,hab,7,5,16,21
18,3182,299,7,9,hab,9,0,45,254
18,3961,231,10,4,hab,4,0,18,213
18,6349,363,3,31,hab,31,0,99,264
18,6394,43,0,6,hab,6,0,24,19
18,4478,42,1,11,hab,10,1,11,31
18,1532,147,5,22,hab,14,8,25,122
18,1735,205,31,22,hab,17,5,47,158
18,2654,289,8,42,hab,40,2,75,214
18,3622,248,1,82,hab,73,9,117,131
18,3122,244,6,12,hab,10,2,53,191
18,4544,409,26,16,hab,16,0,103,306
18,793,1,0,0,hab,0,0,0,1
32,134,134,1,1,hab,1,0,2,132
32,1212,131,4,1,hab,1,0,7,124
32,1698,141,1,1,hab,1,0,6,135
32,3713,252,0,1,hab,1,0,7,245
32,7634,199,1,1,hab,1,0,10,189
32,1690,195,3,1,hab,1,0,2,193
32,2209,306,2,1,hab,1,0,9,297
32,2512,131,1,1,hab,1,0,3,128
32,3633,261,0,1,hab,1,0,10,251
32,7630,224,0,0,hab,0,0,0,224
32,7626,230,2,0,hab,0,0,0,230
32,7631,196,0,1,hab,1,0,10,186
32,1413,87,0,1,hab,1,0,10,77
32,1457,144,3,5,hab,5,0,23,121
32,7610,126,0,0,hab,0,0,0,126
32,7608,82,1,7,hab,6,1,9,73
32,7636,249,4,0,hab,0,0,0,249
32,7637,125,3,0,hab,0,0,0,125
32,7638,421,5,1,hab,1,0,11,410
32,370,213,0,1,hab,1,0,15,198
32,7615,240,0,1,hab,1,0,11,229
32,4988,150,0,1,hab,1,0,9,141
32,5211,159,0,1,hab,1,0,7,152
32,7611,120,1,0,hab,0,0,0,120
32,7613,174,0,0,hab,0,0,0,174
32,7623,128,0,1,hab,1,0,8,120
32,7607,177,0,2,hab,2,0,12,165
32,5301,116,0,1,hab,1,0,6,110
32,7639,161,4,1,hab,1,0,7,154
32,7643,82,0,0,hab,0,0,0,82
32,7642,145,0,0,hab,0,0,0,145
32,2251,154,0,1,hab,1,0,4,150
32,5436,265,0,2,hab,2,0,9,256
32,7614,82,0,2,hab,1,1,4,78
32,7605,64,0,1,hab,1,0,7,57
32,7606,78,0,1,hab,1,0,11,67
32,7632,110,2,1,hab,1,0,7,103
32,7633,84,0,0,hab,0,0,0,84
32,3890,128,2,1,hab,1,0,5,123
32,7635,101,0,1,hab,1,0,9,92
32,7621,201,0,1,hab,1,0,6,195
32,7628,170,3,1,hab,1,0,11,159
32,7627,187,0,1,hab,1,0,6,181
32,7617,53,4,0,hab,0,0,0,53
32,7612,92,0,0,hab,0,0,0,92
32,7624,228,0,1,hab,1,0,7,221
32,7620,92,2,1,hab,1,0,6,86
32,7618,184,1,0,hab,0,0,0,184
32,7622,161,0,1,hab,1,0,9,152
32,7625,58,1,1,hab,1,0,9,49
32,7619,100,1,0,hab,0,0,0,100
32,7629,159,2,1,hab,1,0,9,150
32,2427,27,6,4,hab,4,0,4,23
32,2560,86,0,2,hab,2,0,8,78
32,7609,76,1,0,hab,0,0,0,76
32,4520,77,0,0,hab,0,0,0,77
32,7641,112,1,1,hab,1,0,9,103
32,7616,95,2,0,hab,0,0,0,95
2,4312,123,6,41,hab,39,2,116,7
2,6286,167,2,74,hab,69,5,150,17
2,5464,522,12,156,hab,153,3,429,93
2,5157,158,1,16,hab,16,0,46,112
2,4962,50,1,36,hab,36,0,40,10
2,1866,138,1,95,hab,95,0,136,2
2,5761,116,3,68,hab,65,3,98,18
2,4800,73,5,47,hab,47,0,64,9
2,1859,65,1,52,hab,52,0,59,6
2,5447,71,1,48,hab,46,2,64,7
2,4056,98,4,24,hab,24,0,78,20
2,4746,135,3,39,hab,38,1,122,13
2,1751,119,1,64,hab,64,0,106,13
2,4169,86,23,23,hab,23,0,69,17
2,5762,178,3,94,hab,92,2,159,19
2,6059,174,1,57,hab,56,1,146,28
2,3394,89,4,64,hab,64,0,79,10
2,6265,127,20,58,hab,58,0,106,21
2,4889,138,7,50,hab,50,0,111,27
2,6468,233,2,67,hab,67,0,204,29
2,5077,120,2,75,hab,75,0,107,13
2,1052,134,1,45,hab,44,1,117,17
2,2550,125,0,59,hab,58,1,111,14
2,2867,126,2,56,hab,56,0,102,24
2,3643,246,6,136,hab,135,1,223,23
2,5719,74,2,41,hab,41,0,58,16
2,2225,100,6,52,hab,46,6,85,15
2,3173,143,0,78,hab,76,2,111,32
2,4609,157,5,65,hab,63,2,114,43
2,1452,72,2,45,hab,45,0,54,18
2,1661,48,0,43,hab,43,0,46,2
2,6253,128,0,18,hab,18,0,52,76
2,4084,40,1,28,hab,27,1,32,8
2,4065,154,2,50,hab,50,0,132,22
2,1300,211,5,92,hab,92,0,205,6
2,5943,126,15,82,hab,82,0,110,16
2,4702,258,0,82,hab,82,0,236,22
2,4688,146,0,62,hab,62,0,138,8
2,3967,228,1,135,hab,135,0,213,15
2,1336,167,1,57,hab,57,0,133,34
2,6471,276,1,107,hab,107,0,244,32
2,4142,140,5,79,hab,78,1,117,23
2,3414,29,0,28,hab,27,1,25,4
2,1376,38,3,12,hab,11,1,15,23
2,4677,143,0,95,hab,95,0,132,11
2,3351,170,1,93,hab,91,2,166,4
2,1815,267,2,127,hab,127,0,258,9
2,5030,156,0,68,hab,68,0,139,17
2,6327,39,2,22,hab,22,0,30,9
2,5641,34,0,32,hab,30,2,33,1
2,6052,29,0,27,hab,27,0,28,1
2,5607,117,0,44,hab,43,1,107,10
2,3275,242,0,133,hab,133,0,235,7
2,6389,141,1,52,hab,49,3,110,31
2,4134,91,2,38,hab,37,1,71,20
2,331,197,1,125,hab,123,2,183,14
2,5382,130,2,96,hab,94,2,127,3
2,3153,125,1,112,hab,112,0,125,0
2,3317,72,7,44,hab,44,0,67,5
2,1122,141,1,74,hab,72,2,129,12
2,4370,184,7,61,hab,60,1,165,19
2,4163,89,1,65,hab,65,0,81,8
2,2305,267,1,37,hab,36,1,115,152
2,6302,230,3,45,hab,45,0,121,109
2,5841,287,3,132,hab,130,2,257,30
2,2802,186,2,48,hab,47,1,132,54
2,4886,294,4,67,hab,67,0,215,79
2,3073,189,0,58,hab,57,1,158,31
2,1849,131,3,48,hab,47,1,74,57
2,4454,137,2,29,hab,29,0,104,33
2,508,208,0,88,hab,85,3,185,23
2,330,57,0,36,hab,36,0,46,11
2,1182,67,2,50,hab,50,0,62,5
2,332,76,0,42,hab,41,1,59,17
2,4033,117,1,58,hab,57,1,99,18
2,2421,31,0,27,hab,24,3,24,7
2,2008,83,0,43,hab,41,2,81,2
2,3945,44,0,38,hab,38,0,44,0
2,2698,158,3,78,hab,77,1,133,25
2,4450,101,0,48,hab,48,0,85,16
2,418,113,0,69,hab,68,1,102,11
2,4672,160,1,102,hab,102,0,155,5
2,5985,308,0,165,hab,162,3,291,17
2,1840,312,3,141,hab,141,0,304,8
2,1333,180,3,93,hab,84,9,152,28
2,6281,47,1,32,hab,32,0,41,6
2,2924,125,1,45,hab,43,2,105,20
2,5770,179,3,64,hab,64,0,166,13
2,2680,390,4,168,hab,166,2,355,35
2,2083,164,1,92,hab,92,0,153,11
2,6002,227,4,71,hab,71,0,201,26
2,2605,176,1,85,hab,84,1,157,19
2,4453,92,1,78,hab,67,11,87,5
2,1236,43,0,20,hab,19,1,35,8
2,4691,144,1,67,hab,66,1,132,12
2,4751,241,2,125,hab,122,3,229,12
2,2636,225,1,100,hab,100,0,213,12
2,1089,133,3,50,hab,49,1,117,16
2,5190,194,0,85,hab,84,1,189,5
2,6297,125,1,81,hab,81,0,123,2
2,3824,165,3,96,hab,95,1,141,24
2,5705,187,3,57,hab,57,0,107,80
2,1161,242,3,68,hab,67,1,220,22
2,4845,225,0,76,hab,76,0,188,37
2,1358,163,0,91,hab,91,0,148,15
2,5716,212,0,92,hab,92,0,185,27
2,4851,197,0,79,hab,79,0,189,8
2,3639,407,8,152,hab,152,0,344,63
2,4310,177,0,94,hab,94,0,172,5
2,4447,65,1,47,hab,47,0,54,11
2,5018,179,3,59,hab,59,0,142,37
2,5133,161,1,98,hab,92,6,148,13
2,3712,24,2,18,hab,18,0,20,4
2,3146,34,0,26,hab,25,1,30,4
2,4856,187,8,88,hab,86,2,141,46
2,5031,160,4,88,hab,88,0,128,32
2,6101,85,0,0,hab,0,0,0,85
2,4136,25,0,25,hab,25,0,24,1
2,6100,224,0,25,hab,25,0,69,155
2,4433,289,11,79,hab,79,0,218,71
2,6387,45,0,28,hab,25,3,37,8
2,2064,208,3,88,hab,84,4,139,69
2,3071,21,0,21,hab,20,1,20,1
2,2546,19,3,14,hab,13,1,13,6
2,4141,15,0,13,hab,12,1,13,2
2,3854,24,0,26,osm,24,2,24,0
2,2635,103,0,75,hab,74,1,97,6
2,96,66,1,46,hab,46,0,60,6
2,1007,49,1,33,hab,32,1,41,8
2,3296,347,6,97,hab,93,4,250,97
2,1395,39,0,41,osm,41,0,39,0
2,3104,154,8,92,hab,90,2,116,38
2,1222,47,0,47,hab,46,1,46,1
2,2515,115,7,63,hab,63,0,92,23
2,4582,113,6,87,hab,85,2,97,16
2,6371,50,2,32,hab,30,2,37,13
2,2299,64,0,40,hab,40,0,51,13
2,4785,64,0,54,hab,53,1,56,8
2,459,41,1,40,hab,38,2,39,2
2,496,25,0,23,hab,22,1,24,1
2,1025,54,5,34,hab,31,3,41,13
2,1524,45,0,46,osm,43,3,42,3
2,6464,33,0,39,osm,37,2,33,0
2,5685,29,3,22,hab,21,1,25,4
2,6314,14,0,9,hab,9,0,8,6
2,4668,26,3,24,osm,21,3,23,3
2,1798,22,1,21,hab,20,1,20,2
2,4638,30,1,24,hab,24,0,25,5
2,4151,38,2,33,hab,28,5,31,7
2,6311,41,3,38,hab,35,3,36,5
2,24,47,0,43,hab,40,3,42,5
2,6144,50,1,48,hab,46,2,49,1
2,4653,60,2,43,hab,42,1,43,17
2,4395,28,1,26,hab,26,0,26,2
2,1101,33,1,27,hab,27,0,29,4
2,1090,22,1,22,osm,22,0,21,1
2,3287,39,2,31,hab,30,1,31,8
2,2052,12,0,11,hab,11,0,11,1
2,6247,22,2,21,osm,20,1,20,2
2,5206,42,0,42,hab,40,2,40,2
2,94,41,1,35,hab,30,5,33,8
2,4422,22,3,7,hab,7,0,15,7
2,3093,35,1,29,hab,29,0,30,5
2,3166,32,2,12,hab,10,2,11,21
2,4401,36,0,33,hab,30,3,30,6
2,292,25,1,20,hab,15,5,19,6
2,4532,26,2,22,hab,19,3,19,7
2,5320,243,5,127,hab,126,1,228,15
2,1301,137,3,68,hab,68,0,119,18
2,4273,58,1,39,hab,38,1,51,7
2,1467,55,3,40,hab,39,1,44,11
2,5774,94,21,45,hab,43,2,60,34
2,1865,53,4,41,hab,40,1,45,8
2,4883,83,1,47,hab,46,1,64,19
2,1219,55,2,40,hab,40,0,52,3
2,1492,81,3,51,hab,48,3,74,7
2,2236,28,4,19,hab,19,0,21,7
2,2417,57,0,39,hab,38,1,52,5
2,871,94,5,50,hab,50,0,83,11
2,3203,36,0,36,hab,36,0,34,2
2,2020,22,1,23,osm,20,3,21,1
2,490,52,1,55,osm,52,3,48,4
2,6341,73,1,53,hab,46,7,66,7
2,1613,49,1,45,hab,43,2,42,7
2,3350,57,1,41,hab,40,1,50,7
2,4070,48,1,43,hab,43,0,46,2
2,3170,77,0,53,hab,53,0,72,5
2,1888,46,4,41,hab,38,3,42,4
2,5465,53,1,44,hab,44,0,45,8
2,5310,255,7,76,hab,72,4,112,143
2,3575,101,9,62,hab,60,2,83,18
2,1315,16,0,15,hab,15,0,15,1
2,3081,20,2,15,hab,14,1,15,5
2,997,66,4,33,hab,31,2,36,30
2,5771,6,0,0,hab,0,0,0,6
2,4814,103,0,60,hab,60,0,89,14
2,4036,49,0,42,hab,40,2,44,5
2,6009,64,1,63,hab,63,0,59,5
2,4408,238,3,98,hab,97,1,156,82
2,354,45,4,36,hab,35,1,40,5
2,5016,51,2,41,hab,38,3,43,8
2,1197,37,1,33,hab,28,5,32,5
2,3842,66,2,53,hab,52,1,63,3
2,3841,94,6,46,hab,43,3,65,29
2,1880,51,1,42,hab,41,1,46,5
2,6111,32,1,30,hab,27,3,25,7
2,4362,38,0,58,osm,43,15,35,3
2,1811,49,4,26,hab,24,2,32,17
2,2082,70,2,48,hab,47,1,64,6
2,4024,32,1,40,osm,38,2,31,1
2,2582,50,0,43,hab,43,0,49,1
2,2633,65,0,51,hab,49,2,61,4
2,4147,46,0,44,hab,42,2,43,3
2,20,102,1,38,hab,36,2,41,61
2,1850,59,1,34,hab,33,1,34,25
2,1533,84,3,89,osm,77,12,80,4
2,3644,51,0,42,hab,41,1,47,4
2,1977,32,0,27,hab,26,1,29,3
2,368,91,0,48,hab,43,5,76,15
2,1829,20,0,16,hab,15,1,16,4
2,179,17,1,15,hab,15,0,16,1
2,3117,55,0,46,hab,46,0,50,5
2,300,59,0,20,hab,19,1,52,7
2,901,19,0,16,hab,15,1,15,4
2,2671,66,1,39,hab,38,1,55,11
2,44,69,1,37,hab,37,0,60,9
2,73,24,2,21,hab,21,0,23,1
2,128,81,2,18,hab,16,2,53,28
2,106,104,2,29,hab,29,0,77,27
2,95,116,0,23,hab,23,0,77,39
2,3616,51,1,25,hab,25,0,45,6
2,3155,70,0,63,hab,60,3,63,7
2,4973,81,0,45,hab,44,1,50,31
2,5057,95,6,73,hab,64,9,70,25
2,3724,69,2,98,osm,76,22,65,4
2,4831,38,0,31,hab,30,1,34,4
2,3045,22,2,14,hab,14,0,19,3
2,2343,25,1,23,hab,21,2,21,4
2,1989,13,0,12,hab,11,1,12,1
2,4777,30,1,28,hab,27,1,26,4
2,3142,23,0,21,hab,21,0,19,4
2,3167,57,1,30,hab,30,0,52,5
2,4676,25,0,27,osm,25,2,25,0
2,5081,27,0,25,hab,25,0,25,2
2,2594,41,0,19,hab,19,0,29,12
2,4964,36,1,34,hab,32,2,34,2
2,4665,36,0,27,hab,26,1,34,2
2,2767,40,1,33,hab,32,1,37,3
2,3641,18,0,18,hab,18,0,17,1
2,5019,68,3,47,hab,42,5,67,1
2,3952,79,1,44,hab,42,2,62,17
2,2589,37,2,41,osm,37,4,31,6
2,4484,76,6,45,hab,45,0,62,14
2,2744,34,0,26,hab,26,0,31,3
2,2847,66,1,49,hab,39,10,48,18
2,6155,64,1,41,hab,40,1,61,3
2,6441,165,0,173,osm,145,28,149,16
2,5373,49,2,31,hab,31,0,40,9
2,6458,18,1,12,hab,11,1,11,7
2,545,55,1,42,hab,42,0,50,5
2,6051,54,0,38,hab,38,0,50,4
2,5466,31,0,25,hab,25,0,31,0
2,5314,28,0,25,hab,25,0,28,0
2,4959,16,1,12,hab,11,1,12,4
2,5876,53,1,38,hab,34,4,45,8
2,5137,31,0,18,hab,17,1,29,2
2,5129,45,3,18,hab,18,0,39,6
2,2044,36,1,32,hab,31,1,35,1
2,2269,52,4,23,hab,21,2,32,20
2,3169,114,5,21,hab,20,1,79,35
2,3461,99,1,74,hab,71,3,86,13
2,4402,96,0,33,hab,30,3,71,25
2,3980,77,4,34,hab,32,2,66,11
2,4488,39,2,49,osm,42,7,38,1
2,4485,54,0,45,hab,43,2,45,9
2,6225,79,0,28,hab,28,0,60,19
2,5139,79,2,15,hab,14,1,48,31
2,3942,36,1,32,hab,30,2,33,3
2,6305,68,4,47,hab,46,1,61,7
2,5145,69,0,62,hab,62,0,65,4
2,4905,36,1,30,hab,30,0,32,4
2,3990,51,2,34,hab,32,2,38,13
2,2717,109,0,82,hab,79,3,93,16
2,1952,65,0,51,hab,50,1,54,11
2,2132,88,0,71,hab,69,2,79,9
2,3739,53,0,52,hab,50,2,45,8
2,6348,39,1,9,hab,9,0,11,28
2,4835,68,0,46,hab,39,7,55,13
2,1079,81,0,56,hab,54,2,71,10
2,5408,119,8,87,hab,86,1,106,13
2,5424,66,0,56,hab,56,0,63,3
2,3105,78,2,70,hab,69,1,72,6
2,4669,167,3,94,hab,89,5,142,25
2,4847,36,0,27,hab,24,3,31,5
2,4963,260,2,94,hab,92,2,212,48
2,6329,33,3,31,osm,30,1,30,3
2,6304,206,0,112,hab,112,0,201,5
2,5218,49,1,33,hab,33,0,40,9
2,2618,44,2,37,hab,37,0,42,2
2,4673,28,0,25,hab,25,0,23,5
2,6274,85,1,41,hab,41,0,77,8
2,2404,102,2,77,hab,77,0,94,8
2,4143,32,0,31,hab,30,1,29,3
2,5383,75,1,65,hab,61,4,73,2
2,4699,17,0,22,osm,20,2,17,0
2,5144,29,0,27,hab,24,3,25,4
2,105,75,0,75,hab,65,10,73,2
2,6356,118,3,36,hab,36,0,102,16
2,1790,33,0,26,hab,25,1,27,6
2,1998,28,1,29,osm,28,1,27,1
2,2727,26,1,25,hab,24,1,24,2
2,6444,205,0,78,hab,78,0,194,11
2,3211,48,0,35,hab,33,2,35,13
2,2272,18,0,15,hab,14,1,13,5
2,1149,32,0,28,hab,28,0,30,2
2,4664,30,1,32,osm,30,2,29,1
2,6337,174,1,102,hab,102,0,157,17
2,2048,106,2,72,hab,72,0,98,8
2,3273,256,0,87,hab,86,1,196,60
2,5015,144,1,75,hab,75,0,118,26
2,4661,62,2,53,hab,50,3,59,3
2,2043,206,0,67,hab,67,0,186,20
2,1864,42,1,26,hab,26,0,28,14
2,289,151,0,56,hab,49,7,119,32
2,6249,52,0,41,hab,40,1,46,6
2,1021,35,0,36,osm,32,4,33,2
2,6264,30,0,30,hab,30,0,30,0
2,1380,29,0,29,hab,28,1,27,2
2,5386,145,1,87,hab,86,1,125,20
2,5652,40,0,40,hab,39,1,39,1
2,2679,42,0,35,hab,35,0,36,6
2,2050,56,1,49,hab,48,1,53,3
2,1047,34,0,42,osm,39,3,33,1
2,5496,36,0,34,hab,34,0,30,6
2,3263,36,0,33,hab,33,0,34,2
2,2862,85,0,48,hab,46,2,70,15
2,4114,89,1,64,hab,64,0,85,4
2,3192,43,0,35,hab,34,1,40,3
2,4028,96,4,48,hab,47,1,82,14
2,2646,31,1,30,hab,28,2,29,2
2,4492,27,2,25,hab,22,3,24,3
2,2000,40,1,34,hab,34,0,33,7
2,6447,39,0,43,osm,39,4,38,1
2,1289,83,1,55,hab,54,1,69,14
2,2063,35,0,44,osm,43,1,32,3
2,3151,59,1,37,hab,36,1,50,9
2,6461,40,0,39,hab,39,0,39,1
2,4200,39,0,37,hab,37,0,38,1
2,2662,54,0,48,hab,45,3,45,9
2,4378,62,1,53,hab,52,1,59,3
2,6266,97,0,59,hab,54,5,86,11
2,5849,30,0,45,osm,42,3,28,2
2,4675,39,0,43,osm,43,0,39,0
2,4487,32,0,29,hab,29,0,27,5
2,4678,39,0,41,osm,40,1,39,0
2,5851,51,1,45,hab,43,2,43,8
2,6229,29,0,25,hab,25,0,26,3
2,4887,42,0,41,hab,38,3,41,1
2,5134,28,0,29,osm,27,2,26,2
2,735,35,2,44,osm,32,12,30,5
2,1064,36,1,28,hab,28,0,27,9
2,1063,43,0,36,hab,36,0,40,3
2,662,40,0,47,osm,46,1,40,0
2,5879,140,7,88,hab,88,0,123,17
2,3951,89,0,77,hab,74,3,76,13
2,1594,62,0,53,hab,44,9,51,11
2,2689,38,0,42,osm,41,1,35,3
2,4089,85,1,44,hab,44,0,66,19
2,3472,13,0,12,hab,11,1,11,2
2,1329,85,1,49,hab,48,1,68,17
2,5022,42,0,29,hab,27,2,26,16
2,3161,52,1,47,hab,46,1,47,5
2,6335,72,0,51,hab,48,3,59,13
2,1670,14,7,7,hab,7,0,6,8
2,4116,78,1,61,hab,61,0,73,5
2,1838,108,1,88,hab,79,9,106,2
2,4697,35,0,29,hab,27,2,29,6
2,4888,48,0,32,hab,31,1,33,15
2,4122,157,0,98,hab,94,4,153,4
2,5177,61,1,48,hab,48,0,51,10
2,5892,192,4,111,hab,111,0,173,19
2,2013,119,0,75,hab,74,1,89,30
2,4565,46,0,43,hab,43,0,43,3
2,176,39,0,32,hab,26,6,27,12
2,714,30,0,30,hab,30,0,29,1
2,2074,38,1,38,osm,37,1,36,2
2,4686,65,0,54,hab,52,2,63,2
2,2569,17,0,13,hab,13,0,16,1
2,1667,90,3,68,hab,67,1,76,14
2,4369,115,0,96,hab,96,0,109,6
2,2708,29,0,33,osm,31,2,28,1
2,3220,28,0,26,hab,26,0,25,3
2,1234,44,0,40,hab,40,0,38,6
2,293,25,0,26,osm,25,1,24,1
2,5106,26,1,26,osm,25,1,23,3
2,111,49,0,39,hab,38,1,41,8
2,2037,67,0,58,hab,57,1,64,3
2,177,484,34,175,hab,163,12,362,122
2,3594,78,2,14,hab,14,0,45,33
2,5285,101,0,19,hab,19,0,71,30
2,5717,46,0,42,hab,42,0,40,6
2,6176,58,0,42,hab,41,1,48,10
2,3116,61,1,44,hab,42,2,54,7
2,5467,51,1,30,hab,30,0,32,19
2,104,87,0,59,hab,58,1,69,18
2,3464,111,0,82,hab,81,1,98,13
2,6890,122,0,49,hab,46,3,57,65
2,5187,86,0,53,hab,53,0,80,6
2,6892,75,4,2,hab,2,0,2,73
2,2378,41,0,39,hab,38,1,38,3
2,6938,128,0,6,hab,6,0,12,116
2,6895,73,0,51,hab,49,2,55,18
2,3714,33,0,30,hab,28,2,28,5
2,4791,123,3,87,hab,87,0,119,4
2,788,89,0,42,hab,42,0,76,13
2,5368,25,0,20,hab,19,1,20,5
2,2275,48,0,41,hab,38,3,47,1
2,1285,92,1,76,hab,76,0,84,8
2,270,33,0,31,hab,31,0,32,1
2,102,22,0,20,hab,19,1,20,2
2,2,26,0,32,osm,25,7,26,0
2,2109,24,0,23,hab,23,0,23,1
2,3518,22,1,16,hab,16,0,17,5
2,1824,38,0,41,osm,38,3,34,4
2,6294,29,1,26,hab,26,0,27,2
2,33,37,0,38,osm,38,0,35,2
2,6058,33,2,24,hab,24,0,27,6
2,2046,50,4,40,hab,36,4,44,6
2,1919,31,0,38,osm,37,1,30,1
2,3074,42,0,37,hab,37,0,40,2
2,321,31,1,15,hab,15,0,23,8
2,6308,27,0,26,hab,26,0,25,2
2,1129,31,1,27,hab,27,0,27,4
2,3283,36,1,19,hab,19,0,24,12
2,27,54,0,32,hab,32,0,46,8
2,1669,44,3,25,hab,22,3,28,16
2,2344,28,0,24,hab,22,2,22,6
2,6391,17,0,22,osm,15,7,15,2
2,6219,34,0,39,osm,36,3,32,2
2,6357,27,1,17,hab,17,0,18,9
2,1884,33,0,32,hab,31,1,31,2
2,6385,34,0,32,hab,32,0,28,6
2,2571,91,0,71,hab,60,11,85,6
2,2658,41,0,34,hab,33,1,35,6
2,19,46,1,34,hab,34,0,39,7
2,1318,38,0,15,hab,14,1,25,13
2,2219,49,0,45,hab,37,8,40,9
2,4493,77,5,64,hab,64,0,67,10
2,2707,48,3,39,hab,34,5,39,9
2,2757,15,0,12,hab,12,0,15,0
2,4804,51,1,50,hab,46,4,45,6
2,2435,21,0,23,osm,23,0,21,0
2,3407,40,1,32,hab,32,0,33,7
2,4035,28,0,23,hab,22,1,25,3
2,3916,41,1,33,hab,33,0,35,6
2,4274,62,2,34,hab,32,2,34,28
2,1718,41,1,32,hab,32,0,39,2
2,6057,80,0,29,hab,29,0,49,31
2,5903,31,1,26,hab,26,0,24,7
2,3734,44,0,42,hab,41,1,42,2
2,4657,69,0,65,hab,64,1,66,3
2,232,37,0,30,hab,29,1,32,5
2,4783,53,0,49,hab,49,0,48,5
2,1293,42,0,16,hab,16,0,28,14
2,1378,31,0,23,hab,23,0,26,5
2,3473,36,1,29,hab,27,2,29,7
2,3108,64,0,67,osm,64,3,61,3
2,5385,31,0,26,hab,26,0,28,3
2,3114,37,0,26,hab,26,0,29,8
2,6316,64,1,61,hab,60,1,61,3
2,1100,71,0,65,hab,64,1,67,4
2,5653,43,0,23,hab,23,0,37,6
2,1290,45,0,41,hab,40,1,40,5
2,6481,35,2,25,hab,24,1,29,6
2,468,36,2,30,hab,28,2,31,5
2,6194,63,1,34,hab,32,2,49,14
2,5384,24,0,20,hab,20,0,22,2
2,4561,33,1,33,osm,32,1,32,1
2,2047,42,3,35,hab,35,0,37,5
2,6388,39,1,44,osm,42,2,36,3
2,732,46,0,38,hab,36,2,36,10
2,4849,52,2,39,hab,39,0,44,8
2,4388,29,0,32,osm,28,4,26,3
2,6469,67,0,33,hab,31,2,37,30
2,3168,53,1,23,hab,21,2,40,13
2,6451,19,1,16,hab,15,1,17,2
2,4165,36,2,27,hab,26,1,30,6
2,3100,34,0,25,hab,25,0,31,3
2,4329,80,3,63,hab,58,5,76,4
2,5189,36,0,30,hab,30,0,32,4
2,4655,44,0,38,hab,37,1,44,0
2,6141,22,0,17,hab,16,1,19,3
2,549,53,1,44,hab,40,4,45,8
2,4734,20,0,19,hab,19,0,20,0
2,2301,23,0,17,hab,17,0,21,2
2,1727,24,0,23,hab,23,0,22,2
2,5163,78,0,39,hab,36,3,61,17
2,4048,20,0,20,hab,20,0,20,0
2,5953,23,0,19,hab,19,0,18,5
2,5848,21,1,18,hab,17,1,19,2
2,3806,19,0,18,hab,18,0,19,0
2,5792,75,2,64,hab,64,0,61,14
2,3456,31,0,33,osm,25,8,29,2
2,112,23,0,27,osm,27,0,23,0
2,10,29,1,29,osm,28,1,27,2
2,4660,20,0,20,hab,20,0,20,0
2,1387,23,0,22,hab,22,0,23,0
2,2787,55,1,34,hab,33,1,52,3
2,3209,21,0,22,osm,21,1,21,0
2,5444,29,0,28,hab,28,0,28,1
2,2772,23,0,19,hab,19,0,21,2
2,1716,25,0,16,hab,16,0,17,8
2,3662,18,0,14,hab,14,0,13,5
2,1688,22,1,18,hab,18,0,20,2
2,6312,33,0,25,hab,25,0,28,5
2,5968,12,0,13,osm,11,2,11,1
2,5007,21,0,18,hab,18,0,19,2
2,2075,33,0,21,hab,21,0,23,10
2,4098,19,0,20,osm,19,1,19,0
2,4002,16,1,15,hab,15,0,15,1
2,4780,31,0,27,hab,26,1,31,0
2,4361,62,0,50,hab,50,0,55,7
2,1284,30,3,29,osm,27,2,27,3
2,4806,32,0,31,hab,30,1,32,0
2,6372,48,0,32,hab,31,1,34,14
2,1243,59,0,44,hab,44,0,59,0
2,6332,23,0,16,hab,16,0,19,4
2,823,34,2,26,hab,26,0,32,2
2,4832,26,0,25,hab,23,2,26,0
2,4663,56,1,48,hab,47,1,49,7
2,4786,91,1,46,hab,46,0,85,6
2,4666,67,4,54,hab,49,5,55,12
2,4701,32,0,22,hab,22,0,27,5
2,4443,66,1,38,hab,38,0,53,13
2,6454,71,4,27,hab,27,0,54,17
2,4700,55,1,36,hab,36,0,52,3
2,4446,29,1,27,hab,25,2,27,2
2,6307,53,2,39,hab,39,0,50,3
2,6217,44,0,34,hab,33,1,37,7
2,6893,73,3,8,hab,7,1,13,60
2,4164,83,1,39,hab,34,5,53,30
2,1305,77,0,99,osm,89,10,68,9
2,2003,32,0,54,osm,52,2,32,0
2,6894,67,1,59,hab,50,9,46,21
2,1722,64,1,64,osm,61,3,56,8
2,2439,45,0,46,osm,43,3,37,8
2,1527,24,0,35,osm,34,1,24,0
2,3417,42,0,47,osm,43,4,41,1
2,1741,58,3,31,hab,29,2,25,33
2,3190,20,2,37,osm,30,7,17,3
2,1825,30,1,32,osm,32,0,29,1
2,2678,53,2,45,hab,45,0,52,1
2,3194,42,1,58,osm,58,0,41,1
2,4115,34,0,40,osm,39,1,29,5
2,305,30,1,37,osm,37,0,29,1
2,12,89,9,28,hab,28,0,64,25
2,853,32,5,25,hab,25,0,23,9
2,3878,85,0,47,hab,43,4,78,7
2,839,68,1,50,hab,44,6,54,14
2,59,38,1,31,hab,30,1,35,3
2,2304,48,2,39,hab,39,0,46,2
2,842,101,3,74,hab,65,9,90,11
2,4415,350,15,179,hab,173,6,289,61
2,6453,45,0,39,hab,39,0,43,2
2,1340,46,0,39,hab,39,0,41,5
2,4418,52,1,44,hab,43,1,50,2
2,551,43,3,43,osm,39,4,39,4
2,3984,389,5,243,hab,241,2,345,44
2,2036,303,10,161,hab,149,12,248,55
2,6288,57,0,49,hab,48,1,57,0
2,5188,63,1,46,hab,46,0,60,3
2,4656,398,9,207,hab,202,5,332,66
2,1846,464,15,236,hab,232,4,409,55
2,3455,19,0,19,hab,19,0,19,0
2,6137,48,0,37,hab,35,2,40,8
2,5928,34,0,33,hab,33,0,34,0
2,3195,236,13,146,hab,135,11,185,51
2,169,62,0,51,hab,49,2,52,10
2,1697,296,19,176,hab,174,2,268,28
2,2254,356,4,279,hab,259,20,345,11
2,4555,86,4,15,hab,14,1,24,62
2,219,307,4,173,hab,169,4,276,31
2,1526,102,11,44,hab,44,0,81,21
2,5005,25,1,22,hab,21,1,22,3
2,1306,374,13,195,hab,171,24,309,65
2,3065,96,0,47,hab,47,0,92,4
2,1083,46,1,29,hab,29,0,42,4
2,1401,77,0,40,hab,40,0,55,22
2,6336,99,1,42,hab,40,2,66,33
2,212,35,0,49,osm,45,4,35,0
2,3738,61,1,59,hab,56,3,53,8
2,6350,19,0,17,hab,17,0,17,2
2,3418,45,4,30,hab,28,2,33,12
2,3140,21,0,20,hab,18,2,18,3
2,3101,35,1,32,hab,32,0,34,1
2,2078,22,1,17,hab,17,0,17,5
2,4662,19,0,23,osm,23,0,19,0
2,5158,16,0,12,hab,12,0,14,2
2,1084,137,2,173,osm,164,9,129,8
2,5981,17,0,25,osm,23,2,17,0
2,4293,25,0,24,hab,21,3,24,1
2,5847,38,0,54,osm,51,3,37,1
2,5838,60,0,63,osm,62,1,54,6
2,4064,113,1,67,hab,67,0,100,13
2,4291,25,0,34,osm,33,1,24,1
2,2600,30,1,20,hab,20,0,23,7
2,6220,49,4,47,osm,46,1,42,7
2,2641,32,3,33,osm,32,1,29,3
2,1218,57,1,42,hab,42,0,46,11
2,4210,48,3,28,hab,28,0,39,9
2,5127,88,2,65,hab,62,3,82,6
2,3570,67,1,46,hab,46,0,60,7
2,5226,79,2,62,hab,61,1,73,6
2,4693,80,3,38,hab,38,0,57,23
2,3496,109,1,74,hab,73,1,102,7
2,5034,69,2,50,hab,50,0,62,7
2,1813,7,0,8,osm,7,1,7,0
2,2697,18,0,18,hab,18,0,18,0
2,4689,11,0,7,hab,7,0,8,3
2,3742,19,0,18,hab,17,1,17,2
2,5982,35,0,28,hab,27,1,28,7
2,707,22,1,24,osm,21,3,20,2
2,2303,36,1,24,hab,23,1,24,12
2,1217,22,0,17,hab,17,0,19,3
2,1018,59,0,46,hab,45,1,48,11
2,5451,24,0,22,hab,22,0,23,1
2,4793,66,2,80,osm,73,7,56,10
2,6980,14,6,0,hab,0,0,0,14
2,2477,42,1,54,osm,50,4,40,2
2,6218,16,0,21,osm,21,0,16,0
2,4696,31,1,31,osm,28,3,30,1
2,1491,42,0,42,hab,38,4,38,4
2,5907,14,0,10,hab,8,2,8,6
2,4706,28,0,27,hab,27,0,28,0
2,4222,88,1,72,hab,65,7,78,10
2,4101,67,1,58,hab,58,0,66,1
2,3982,48,2,36,hab,36,0,44,4
2,279,68,7,47,hab,46,1,51,17
2,4650,36,1,34,hab,33,1,35,1
2,5219,50,1,38,hab,36,2,41,9
2,3157,57,1,42,hab,42,0,53,4
2,1102,19,0,28,osm,28,0,18,1
2,1990,90,1,79,hab,71,8,84,6
2,173,116,1,79,hab,79,0,112,4
2,2814,50,1,34,hab,34,0,41,9
2,1082,60,3,54,hab,53,1,58,2
2,1292,17,16,0,hab,0,0,0,17
2,2549,63,0,48,hab,48,0,60,3
2,1720,47,0,32,hab,30,2,36,11
2,6470,32,1,31,hab,28,3,26,6
2,4658,22,1,0,hab,0,0,0,22
2,444,74,0,49,hab,49,0,56,18
2,5846,65,1,52,hab,47,5,55,10
2,2049,53,0,34,hab,34,0,41,12
2,291,44,0,39,hab,38,1,39,5
2,6351,49,1,30,hab,30,0,38,11
2,5345,34,0,21,hab,21,0,27,7
2,178,51,0,42,hab,40,2,43,8
2,3189,72,0,12,hab,12,0,41,31
2,5107,66,2,36,hab,35,1,41,25
2,5837,68,0,46,hab,46,0,57,11
2,164,19,0,15,hab,14,1,17,2
2,4748,22,0,17,hab,15,2,17,5
2,6067,21,0,23,osm,23,0,21,0
2,4659,14,0,13,hab,13,0,13,1
2,6295,17,0,16,hab,16,0,16,1
29,3367,302,0,266,hab,227,39,221,81
29,4308,159,3,145,hab,136,9,139,20
29,247,188,5,64,hab,58,6,76,112
29,1266,147,0,123,hab,107,16,120,27
29,1584,167,0,6,hab,4,2,8,159
29,4682,202,3,3,hab,3,0,3,199
29,4826,272,2,137,hab,129,8,151,121
29,214,517,16,160,hab,158,2,248,269
29,1686,223,1,234,osm,209,25,204,19
29,1062,139,0,138,hab,125,13,125,14
29,1843,306,8,100,hab,79,21,118,188
29,100,182,1,129,hab,125,4,154,28
29,216,125,0,128,osm,119,9,119,6
29,3696,292,5,224,hab,211,13,232,60
29,5393,246,1,362,osm,188,174,174,72
29,145,152,6,135,hab,123,12,129,23
29,6073,250,0,51,hab,51,0,76,174
29,3323,117,0,85,hab,67,18,74,43
29,2485,283,0,301,osm,205,96,188,95
29,857,134,1,151,osm,125,26,123,11
29,2131,401,2,81,hab,79,2,136,265
29,5111,87,0,73,hab,70,3,76,11
29,3319,146,1,146,osm,130,16,133,13
29,2468,222,1,179,hab,157,22,175,47
29,4266,193,0,201,osm,158,43,165,28
29,1604,239,7,264,osm,235,29,204,35
29,4769,126,2,82,hab,70,12,79,47
29,2434,235,1,192,hab,174,18,169,66
29,5159,175,0,129,hab,118,11,143,32
29,1922,577,2,157,hab,156,1,236,341
29,3050,137,3,144,osm,127,17,124,13
29,4251,110,1,85,hab,69,16,73,37
29,852,141,5,149,osm,109,40,107,34
29,474,277,0,128,hab,118,10,131,146
29,5411,173,0,140,hab,138,2,165,8
29,3003,105,1,125,osm,107,18,95,10
29,3175,116,3,123,osm,118,5,111,5
29,5116,101,0,84,hab,83,1,93,8
29,3320,194,3,194,osm,177,17,179,15
29,2504,73,0,27,hab,17,10,21,52
29,2942,215,1,159,hab,142,17,166,49
29,3178,125,1,121,hab,104,17,100,25
29,4981,217,0,209,hab,199,10,208,9
29,3248,167,0,152,hab,140,12,140,27
29,3989,146,1,149,osm,137,12,143,3
29,4941,95,1,92,hab,84,8,86,9
29,5813,124,0,128,osm,107,21,106,18
29,4311,86,0,69,hab,66,3,73,13
29,6127,242,1,244,osm,206,38,218,24
29,5037,187,4,149,hab,138,11,148,39
29,4979,139,0,133,hab,109,24,112,27
29,3754,158,1,173,osm,139,34,138,20
29,5919,113,0,99,hab,94,5,101,12
29,4683,140,1,164,osm,122,42,119,21
29,5633,116,0,120,osm,94,26,97,19
29,5784,164,0,136,hab,132,4,150,14
29,1319,90,0,86,hab,83,3,80,10
29,5763,98,1,99,osm,83,16,86,12
29,5394,219,2,90,hab,75,15,91,128
29,1971,232,4,164,hab,153,11,166,66
29,6,495,3,46,hab,44,2,174,321
29,40,112,0,97,hab,92,5,95,17
29,2878,103,0,127,osm,101,26,95,8
29,541,147,1,145,hab,132,13,130,17
29,2834,176,0,176,hab,167,9,167,9
29,4757,127,0,96,hab,85,11,83,44
29,674,347,0,51,hab,48,3,55,292
29,756,212,0,94,hab,92,2,103,109
29,5156,110,1,99,hab,95,4,98,12
29,1499,133,4,137,osm,113,24,108,25
29,4772,205,2,177,hab,169,8,179,26
29,1343,249,19,114,hab,100,14,100,149
29,4723,169,0,145,hab,139,6,146,23
29,1365,109,1,95,hab,91,4,102,7
29,5624,139,0,141,osm,133,8,128,11
29,5987,163,0,110,hab,96,14,119,44
29,1067,159,0,141,hab,134,7,141,18
29,6171,94,0,92,hab,75,17,79,15
29,6079,187,2,170,hab,156,14,168,19
29,3549,161,0,134,hab,124,10,140,21
29,6208,145,1,116,hab,103,13,111,34
29,1616,375,26,62,hab,48,14,63,312
29,2997,146,0,132,hab,127,5,133,13
29,175,136,0,118,hab,104,14,109,27
29,387,172,0,115,hab,101,14,122,50
29,449,271,2,65,hab,59,6,79,192
29,543,236,2,87,hab,78,9,112,124
29,4047,124,4,116,hab,112,4,116,8
29,548,228,0,100,hab,71,29,86,142
29,2218,184,1,194,osm,157,37,152,32
29,1264,176,1,120,hab,109,11,118,58
29,652,208,3,125,hab,118,7,148,60
29,5348,144,1,56,hab,50,6,59,85
29,5519,89,1,102,osm,85,17,68,21
29,2321,167,1,150,hab,146,4,152,15
29,691,90,0,77,hab,74,3,82,8
29,639,285,1,224,hab,178,46,201,84
29,611,409,5,145,hab,123,22,131,278
29,6121,148,0,127,hab,115,12,129,19
29,6376,131,4,94,hab,80,14,82,49
29,600,243,3,197,hab,169,28,204,39
29,860,88,0,82,hab,69,13,69,19
29,1268,102,0,4,hab,4,0,6,96
29,879,116,0,107,hab,91,16,93,23
29,4063,216,3,229,osm,214,15,208,8
29,5817,439,24,132,hab,129,3,170,269
29,5214,151,3,181,osm,155,26,140,11
29,1123,268,1,158,hab,153,5,185,83
29,5498,177,5,169,hab,163,6,160,17
29,2362,226,1,160,hab,101,59,107,119
29,1873,206,0,111,hab,105,6,140,66
29,271,174,4,83,hab,81,2,99,75
29,2766,206,0,133,hab,116,17,142,64
29,939,104,0,101,hab,81,20,83,21
29,5553,298,3,206,hab,103,103,109,189
29,5350,296,0,39,hab,39,0,83,213
29,903,192,5,79,hab,63,16,85,107
29,5355,211,0,175,hab,171,4,181,30
29,501,89,0,112,osm,89,23,78,11
29,2262,82,1,88,osm,62,26,64,18
29,5648,370,29,57,hab,54,3,68,302
29,1684,235,1,219,hab,190,29,190,45
29,1934,238,0,35,hab,28,7,40,198
29,2352,237,0,196,hab,178,18,196,41
29,3449,191,4,106,hab,98,8,102,89
29,5700,128,0,83,hab,77,6,81,47
29,1709,172,10,73,hab,65,8,83,89
29,2028,115,1,70,hab,63,7,70,45
29,3180,180,0,195,osm,164,31,163,17
29,673,182,2,191,osm,158,33,167,15
29,5311,307,3,290,hab,194,96,197,110
29,1478,127,1,117,hab,111,6,121,6
29,3636,297,0,273,hab,227,46,236,61
29,2674,193,9,195,osm,184,11,183,10
29,5636,247,1,112,hab,98,14,122,125
29,3250,125,0,125,hab,122,3,119,6
29,4411,242,2,165,hab,154,11,185,57
29,3652,113,0,88,hab,76,12,80,33
29,4945,89,1,107,osm,93,14,83,6
29,5247,192,4,83,hab,77,6,93,99
29,5520,162,0,158,hab,145,13,143,19
29,5833,145,1,143,hab,123,20,114,31
29,934,108,1,84,hab,74,10,73,35
29,1708,96,0,74,hab,72,2,89,7
29,4396,220,6,89,hab,81,8,82,138
29,6436,148,1,170,osm,152,18,138,10
29,5799,164,0,139,hab,136,3,137,27
29,3300,289,1,160,hab,138,22,202,87
29,5282,186,0,112,hab,101,11,113,73
29,2927,139,0,113,hab,73,40,78,61
29,5322,151,0,100,hab,90,10,98,53
29,497,229,0,142,hab,128,14,144,85
29,4960,243,0,277,osm,222,55,223,20
29,5505,177,0,116,hab,104,12,121,56
29,208,152,1,132,hab,129,3,131,21
29,547,88,1,67,hab,55,12,54,34
29,3048,190,0,157,hab,140,17,142,48
29,567,90,0,84,hab,78,6,83,7
29,302,141,0,105,hab,101,4,103,38
29,1249,188,0,125,hab,109,16,128,60
29,5004,140,3,101,hab,89,12,94,46
29,5130,335,0,106,hab,105,1,153,182
29,1332,220,3,191,hab,177,14,180,40
29,602,149,12,56,hab,56,0,67,82
29,5376,223,0,150,hab,100,50,102,121
29,5251,103,0,110,osm,96,14,91,12
29,4725,272,0,89,hab,67,22,87,185
29,4954,379,1,228,hab,225,3,268,111
29,1481,156,1,166,osm,149,17,147,9
29,684,218,2,184,hab,160,24,181,37
29,4752,338,1,96,hab,93,3,127,211
29,2401,68,0,67,hab,62,5,61,7
29,3091,210,6,174,hab,134,40,140,70
29,1504,179,1,170,hab,152,18,151,28
29,752,165,2,113,hab,101,12,111,54
29,4334,213,1,101,hab,101,0,123,90
29,5558,236,0,48,hab,41,7,53,183
29,779,164,10,137,hab,121,16,138,26
29,4335,147,0,101,hab,92,9,108,39
29,2743,107,15,94,osm,86,8,83,24
29,1628,190,1,153,hab,145,8,156,34
29,882,84,0,93,osm,68,25,66,18
29,1710,103,0,84,hab,80,4,82,21
29,1857,131,2,123,hab,112,11,115,16
29,429,287,2,255,hab,237,18,261,26
29,2216,160,1,165,osm,139,26,131,29
29,2768,206,0,292,osm,220,72,184,22
29,266,213,2,241,osm,176,65,169,44
29,3450,165,0,138,hab,131,7,136,29
29,1322,152,0,90,hab,76,14,84,68
29,3635,212,6,257,osm,209,48,190,22
29,3608,153,1,171,osm,136,35,136,17
29,1470,248,2,216,hab,206,10,202,46
29,5238,235,4,78,hab,68,10,105,130
29,4052,96,1,100,osm,92,8,92,4
29,1959,217,6,125,hab,99,26,115,102
29,3001,291,5,139,hab,109,30,157,134
29,3383,113,21,16,hab,15,1,23,90
29,5309,268,2,115,hab,96,19,141,127
29,5675,103,2,75,hab,69,6,77,26
29,4322,204,2,140,hab,129,11,141,63
29,6122,142,1,130,hab,118,12,123,19
29,3992,126,3,82,hab,71,11,73,53
29,2471,139,1,125,hab,118,7,119,20
29,3218,220,0,158,hab,144,14,147,73
29,3322,99,0,89,hab,82,7,88,11
29,3577,134,2,159,osm,126,33,117,17
29,6221,209,2,189,hab,177,12,185,24
29,583,108,3,77,hab,61,16,77,31
29,3845,115,8,86,hab,81,5,88,27
29,5174,130,1,104,hab,101,3,110,20
29,4095,190,0,175,hab,158,17,156,34
29,452,111,0,92,hab,80,12,80,31
29,4069,158,6,94,hab,76,18,77,81
29,2896,228,0,210,hab,191,19,192,36
29,5713,124,0,114,hab,107,7,110,14
29,5803,66,0,59,hab,57,2,61,5
29,4557,117,0,139,osm,109,30,106,11
29,5182,81,0,77,hab,72,5,75,6
29,5086,76,0,72,hab,69,3,68,8
29,4946,137,0,153,osm,102,51,97,40
29,4465,81,0,81,hab,72,9,75,6
29,3747,160,1,122,hab,116,6,124,36
29,5870,106,0,99,hab,84,15,84,22
29,2366,108,0,105,hab,90,15,91,17
29,137,192,0,102,hab,88,14,90,102
29,1519,78,0,78,hab,72,6,68,10
29,2954,154,4,96,hab,86,10,97,57
29,5757,80,1,57,hab,52,5,53,27
29,481,141,0,134,hab,112,22,117,24
29,1029,164,0,127,hab,119,8,123,41
29,5456,443,0,188,hab,181,7,401,42
29,2492,289,4,263,hab,242,21,246,43
29,2952,284,0,181,hab,161,20,235,49
29,1434,202,8,110,hab,108,2,117,85
29,2958,193,0,178,hab,177,1,181,12
29,1611,122,2,114,hab,102,12,103,19
29,1844,118,0,119,osm,106,13,105,13
29,2457,74,3,68,hab,63,5,64,10
29,3179,262,2,156,hab,109,47,104,158
29,1773,151,0,148,hab,138,10,143,8
29,5099,95,1,82,hab,60,22,64,31
29,5336,124,0,88,hab,80,8,84,40
29,5459,79,0,68,hab,64,4,65,14
29,2507,145,0,136,hab,126,10,133,12
29,859,300,1,170,hab,160,10,186,114
29,5555,91,0,64,hab,59,5,62,29
29,3781,178,1,168,hab,134,34,145,33
37,7757,41,0,23,hab,18,5,20,21
37,7978,28,0,40,osm,26,14,26,2
37,7990,20,0,12,hab,12,0,20,0
37,7994,13,0,0,hab,0,0,0,13
37,7991,24,0,43,osm,23,20,23,1
37,7754,32,0,71,osm,29,42,29,3
37,7989,19,0,0,hab,0,0,0,19
37,7992,20,0,6,hab,6,0,10,10
37,7763,53,0,30,hab,25,5,30,23
37,7756,33,0,48,osm,26,22,24,9
37,7982,11,0,50,osm,8,42,8,3
37,7981,18,0,39,osm,16,23,15,3
37,7759,9,0,41,osm,10,31,7,2
37,7980,25,0,30,osm,19,11,18,7
37,7984,19,0,25,osm,16,9,17,2
37,7979,29,0,53,osm,27,26,23,6
37,7755,35,0,19,hab,11,8,16,19
37,7985,24,0,21,hab,11,10,16,8
37,7983,22,0,21,hab,15,6,18,4
37,7760,19,0,14,hab,7,7,12,7
37,7761,46,0,33,hab,31,2,29,17
37,7988,20,0,27,osm,27,0,20,0
37,7764,30,0,17,hab,17,0,17,13
37,7762,21,0,22,osm,22,0,20,1
37,7993,23,0,39,osm,27,12,22,1
37,7765,34,0,36,osm,34,2,34,0
37,7766,16,0,19,osm,12,7,15,1
37,7997,25,0,8,hab,7,1,7,18
37,7986,6,0,11,osm,8,3,6,0
37,7987,8,0,12,osm,8,4,7,1
37,7977,6,0,12,osm,4,8,4,2
4,2108,538,0,1,hab,1,0,11,527
4,2528,182,0,3,hab,2,1,6,176
4,3375,150,0,15,hab,15,0,33,117
4,5195,196,6,34,hab,25,9,35,161
4,2250,328,0,8,hab,8,0,21,307
4,4836,241,0,1,hab,1,0,3,238
4,4432,187,0,0,hab,0,0,0,187
4,3648,401,0,1,hab,1,0,2,399
4,4053,135,0,2,hab,2,0,7,128
4,1792,89,0,3,hab,3,0,10,79
4,1311,160,0,2,hab,1,1,1,159
4,1606,242,1,1,hab,0,1,0,242
4,1105,216,0,2,hab,1,1,1,215
4,992,97,0,1,hab,1,0,6,91
4,914,97,0,1,hab,1,0,1,96
4,688,107,0,0,hab,0,0,0,107
4,162,146,0,11,hab,11,0,24,122
4,3443,264,0,14,hab,10,4,13,251
4,579,142,0,1,hab,1,0,3,139
4,461,290,0,3,hab,3,0,5,285
4,5704,88,2,2,hab,2,0,2,86
4,3343,164,1,2,hab,2,0,3,161
4,5193,382,4,2,hab,2,0,5,377
4,383,116,0,1,hab,1,0,3,113
4,4305,173,0,1,hab,1,0,4,169
4,1012,357,2,16,hab,10,6,11,346
4,5776,177,0,0,hab,0,0,0,177
4,5058,139,0,1,hab,1,0,7,132
4,1130,220,0,3,hab,3,0,18,202
4,5723,353,0,3,hab,3,0,10,343
4,5323,245,0,68,hab,51,17,100,145
4,7081,129,0,1,hab,1,0,5,124
4,7080,250,0,1,hab,1,0,8,242
4,5087,259,0,1,hab,1,0,6,253
4,2673,162,1,1,hab,1,0,4,158
4,1216,283,0,1,hab,1,0,7,276
4,5698,243,0,0,hab,0,0,0,243
4,5392,471,0,6,hab,2,4,23,448
4,4584,220,0,0,hab,0,0,0,220
4,4261,314,0,0,hab,0,0,0,314
4,3354,195,0,1,hab,1,0,4,191
4,1896,194,0,5,hab,4,1,19,175
4,1490,319,0,0,hab,0,0,0,319
4,148,138,0,0,hab,0,0,0,138
4,2058,100,0,3,hab,2,1,3,97
4,6116,181,0,3,hab,3,0,5,176
4,3569,184,0,8,hab,7,1,21,163
4,2632,122,0,3,hab,3,0,7,115
4,2527,131,0,1,hab,1,0,2,129
4,2526,121,0,1,hab,1,0,2,119
4,2525,191,1,0,hab,0,0,0,191
4,5751,112,0,1,hab,1,0,2,110
4,3355,125,0,3,hab,1,2,1,124
4,2839,72,0,0,hab,0,0,0,72
4,3928,154,0,3,hab,3,0,5,149
4,1819,228,0,0,hab,0,0,0,228
4,1983,71,0,0,hab,0,0,0,71
4,1982,272,0,1,hab,1,0,3,269
4,1981,246,0,3,hab,3,0,17,229
4,1984,462,0,5,hab,4,1,10,452
4,1980,176,0,0,hab,0,0,0,176
4,5084,183,0,1,hab,1,0,1,182
4,3768,125,0,2,hab,1,1,5,120
4,3301,188,0,0,hab,0,0,0,188
4,3204,171,0,2,hab,2,0,7,164
4,2978,155,0,0,hab,0,0,0,155
4,6187,131,0,0,hab,0,0,0,131
4,4585,100,0,19,hab,16,3,32,68
4,2523,154,0,0,hab,0,0,0,154
4,4434,130,0,1,hab,1,0,2,128
4,4373,132,0,0,hab,0,0,0,132
4,3379,77,0,0,hab,0,0,0,77
4,3371,163,0,0,hab,0,0,0,163
4,2912,80,0,1,hab,1,0,5,75
4,2627,158,0,29,hab,27,2,40,118
4,2829,297,0,2,hab,2,0,15,282
4,2547,165,0,0,hab,0,0,0,165
4,2534,81,0,0,hab,0,0,0,81
4,1542,138,0,0,hab,0,0,0,138
4,959,160,0,23,hab,17,6,10,150
4,1403,118,0,0,hab,0,0,0,118
4,592,153,0,1,hab,1,0,5,148
4,659,124,0,0,hab,0,0,0,124
4,426,131,0,1,hab,1,0,5,126
4,577,110,0,1,hab,1,0,12,98
4,4838,200,0,0,hab,0,0,0,200
4,2460,144,0,7,hab,7,0,13,131
4,1647,231,0,9,hab,9,0,19,212
4,1038,153,1,1,hab,1,0,8,145
4,3903,139,0,0,hab,0,0,0,139
4,3796,314,0,9,hab,8,1,24,290
4,3329,252,0,1,hab,1,0,8,244
4,3127,129,0,0,hab,0,0,0,129
4,894,192,0,3,hab,3,0,9,183
4,5210,107,0,1,hab,1,0,6,101
4,4923,227,0,1,hab,1,0,2,225
4,4177,208,0,1,hab,1,0,2,206
4,3342,137,0,0,hab,0,0,0,137
4,2797,118,0,1,hab,1,0,1,117
4,1938,137,0,1,hab,1,0,6,131
4,1541,193,0,1,hab,1,0,4,189
4,1006,217,0,1,hab,1,0,3,214
4,921,154,0,0,hab,0,0,0,154
4,3085,370,3,2,hab,2,0,3,367
4,5175,154,0,0,hab,0,0,0,154
4,2557,244,0,1,hab,1,0,3,241
4,2021,117,0,2,hab,2,0,2,115
4,1672,220,0,2,hab,2,0,4,216
4,5752,202,0,1,hab,1,0,10,192
4,4614,233,1,4,hab,4,0,21,212
4,3440,229,0,3,hab,1,2,6,223
4,4342,159,0,0,hab,0,0,0,159
4,1693,222,0,1,hab,1,0,5,217
4,355,138,0,0,hab,0,0,0,138
4,1215,279,0,2,hab,2,0,23,256
4,1014,336,0,0,hab,0,0,0,336
4,1636,328,0,0,hab,0,0,0,328
4,5083,266,0,2,hab,2,0,13,253
4,2016,198,1,1,hab,1,0,15,183
4,7082,508,2,5,hab,5,0,20,488
4,5216,204,0,1,hab,1,0,6,198
4,1027,86,0,0,hab,0,0,0,86
4,5946,121,0,2,hab,2,0,3,118
4,1011,174,0,2,hab,2,0,7,167
4,5425,147,0,0,hab,0,0,0,147
4,740,408,0,2,hab,2,0,28,380
4,1229,114,0,1,hab,1,0,12,102
4,1818,110,0,0,hab,0,0,0,110
4,425,187,0,0,hab,0,0,0,187
4,1115,204,0,1,hab,1,0,2,202
4,742,165,0,0,hab,0,0,0,165
4,7086,274,0,2,hab,2,0,10,264
4,7072,462,0,7,hab,7,0,60,402
4,7075,244,0,1,hab,1,0,2,242
4,7087,146,1,1,hab,1,0,8,138
4,7071,194,0,2,hab,2,0,5,189
4,7083,330,0,2,hab,2,0,11,319
4,3330,146,0,6,hab,6,0,11,135
4,3018,310,0,0,hab,0,0,0,310
4,4521,114,1,4,hab,3,1,9,105
4,1031,271,0,1,hab,0,1,0,271
4,5215,128,0,1,hab,1,0,2,126
4,5753,58,0,2,hab,2,0,4,54
4,2407,63,0,0,hab,0,0,0,63
4,1985,94,0,1,hab,1,0,2,92
4,1782,88,0,2,hab,2,0,3,85
4,1899,92,0,0,hab,0,0,0,92
4,1475,192,1,0,hab,0,0,0,192
4,1183,145,0,1,hab,1,0,3,142
4,974,156,0,1,hab,1,0,2,154
4,5687,387,1,28,hab,27,1,71,316
4,4010,372,0,23,hab,19,4,44,328
4,1607,266,0,3,hab,3,0,6,260
4,3462,63,0,0,hab,0,0,0,63
4,1032,235,0,2,hab,1,1,3,232
4,5665,352,0,3,hab,3,0,12,340
4,2602,254,1,0,hab,0,0,0,254
4,4407,98,0,0,hab,0,0,0,98
4,4837,103,0,0,hab,0,0,0,103
4,1404,146,0,3,hab,3,0,12,134
4,7076,286,1,2,hab,2,0,6,280
4,680,85,0,2,hab,2,0,7,78
4,7073,310,1,1,hab,1,0,2,308
4,6181,104,0,3,hab,3,0,7,97
4,5721,94,0,1,hab,1,0,4,90
4,5630,44,0,0,hab,0,0,0,44
4,4958,108,0,1,hab,1,0,2,106
4,5298,60,0,0,hab,0,0,0,60
4,4480,89,0,1,hab,1,0,2,87
4,4209,110,0,1,hab,1,0,3,107
4,3344,83,0,6,hab,6,0,11,72
4,2603,124,0,2,hab,1,1,2,122
4,1039,101,0,2,hab,2,0,3,98
4,6091,247,1,2,hab,2,0,2,245
4,5955,255,0,2,hab,2,0,7,248
4,34,72,0,2,hab,1,1,1,71
4,7079,98,0,0,hab,0,0,0,98
4,7078,278,0,6,hab,6,0,25,253
4,5272,112,0,3,hab,3,0,6,106
4,5237,182,1,10,hab,9,1,18,164
4,3726,233,0,29,hab,20,9,35,198
4,2597,255,0,2,hab,1,1,2,253
4,2319,145,0,1,hab,1,0,2,143
4,2134,183,0,5,hab,5,0,7,176
4,5741,135,0,1,hab,1,0,6,129
4,5289,94,0,0,hab,0,0,0,94
4,5082,101,0,0,hab,0,0,0,101
4,2103,88,0,0,hab,0,0,0,88
4,83,92,0,2,hab,2,0,3,89
4,2596,90,0,1,hab,1,0,2,88
4,1166,162,0,4,hab,3,1,16,146
4,458,199,0,4,hab,4,0,19,180
4,918,220,0,0,hab,0,0,0,220
4,6077,66,0,2,hab,2,0,7,59
4,4586,155,0,1,hab,1,0,5,150
4,3488,85,0,1,hab,1,0,1,84
4,1034,208,0,1,hab,1,0,7,201
4,4283,91,0,4,hab,4,0,8,83
4,2138,99,0,2,hab,2,0,12,87
4,1648,110,0,0,hab,0,0,0,110
4,4344,168,2,3,hab,3,0,10,158
4,1427,146,0,0,hab,0,0,0,146
4,617,177,0,0,hab,0,0,0,177
4,7085,241,0,0,hab,0,0,0,241
4,7084,251,0,4,hab,3,1,17,234
4,5913,99,0,0,hab,0,0,0,99
4,5760,114,0,2,hab,2,0,5,109
4,3682,135,0,0,hab,0,0,0,135
4,3691,64,1,0,hab,0,0,0,64
4,3517,146,1,1,hab,1,0,7,139
4,942,89,0,1,hab,1,0,5,84
4,7077,99,0,2,hab,1,1,1,98
4,4260,49,0,0,hab,0,0,0,49
4,7074,146,0,0,hab,0,0,0,146
4,5912,45,0,0,hab,0,0,0,45
4,2836,64,0,1,hab,1,0,5,59
4,1037,62,0,4,hab,4,0,11,51
4,540,48,0,1,hab,0,1,0,48
4,960,52,0,2,hab,2,0,2,50
4,2359,205,0,5,hab,5,0,10,195
21,3221,913,0,103,hab,101,2,138,775
21,2291,595,0,29,hab,28,1,81,514
21,1845,225,2,3,hab,2,1,5,220
21,2195,712,88,37,hab,33,4,153,559
21,315,198,0,12,hab,8,4,14,184
21,1675,680,2,37,hab,37,0,135,545
21,2724,697,1,182,hab,182,0,260,437
21,5481,133,0,11,hab,10,1,10,123
21,3710,152,1,51,hab,51,0,63,89
21,6178,141,0,18,hab,18,0,19,122
21,5578,55,0,33,hab,33,0,27,28
21,5152,100,0,9,hab,9,0,9,91
21,4303,175,0,27,hab,27,0,34,141
21,3390,136,2,47,hab,40,7,38,98
21,883,291,0,41,hab,35,6,57,234
21,2399,72,0,4,hab,4,0,4,68
21,318,167,0,25,hab,24,1,27,140
21,38,164,0,11,hab,10,1,11,153
21,1505,65,1,10,hab,10,0,9,56
21,4137,92,0,7,hab,7,0,8,84
21,5738,75,0,5,hab,5,0,7,68
21,3962,252,1,49,hab,47,2,61,191
21,3546,96,0,3,hab,3,0,4,92
21,3424,163,0,24,hab,23,1,23,140
21,3040,208,0,12,hab,12,0,11,197
21,4559,134,0,14,hab,14,0,15,119
21,4449,100,0,10,hab,10,0,10,90
21,3718,57,0,5,hab,5,0,6,51
21,2510,193,0,15,hab,14,1,16,177
21,563,693,0,21,hab,20,1,53,640
21,6427,135,0,4,hab,4,0,10,125
21,4386,149,0,14,hab,14,0,20,129
21,135,701,1,52,hab,51,1,184,517
21,6147,206,0,18,hab,16,2,22,184
21,6412,471,0,65,hab,64,1,170,301
21,5934,563,0,21,hab,21,0,87,476
21,1652,289,0,118,hab,111,7,234,55
21,4548,243,0,5,hab,5,0,13,230
21,1530,689,0,28,hab,26,2,71,618
21,5572,311,0,95,hab,94,1,200,111
21,4482,212,0,6,hab,6,0,25,187
21,3862,575,0,69,hab,64,5,95,480
21,2948,307,0,17,hab,17,0,50,257
21,2863,598,0,17,hab,17,0,72,526
21,7121,395,0,9,hab,9,0,29,366
21,4397,171,0,25,hab,23,2,27,144
21,2459,971,6,26,hab,24,2,55,916
21,3427,65,0,7,hab,7,0,8,57
21,5346,1305,0,36,hab,33,3,149,1156
21,2644,159,0,17,hab,16,1,18,141
21,7104,839,0,19,hab,18,1,97,742
21,877,215,0,11,hab,11,0,20,195
21,4640,88,0,1,hab,1,0,1,87
21,297,439,0,8,hab,8,0,27,412
21,440,88,0,2,hab,2,0,2,86
21,1595,156,0,18,hab,18,0,18,138
21,1170,79,0,2,hab,2,0,2,77
21,6428,126,0,11,hab,11,0,13,113
21,2760,133,0,2,hab,2,0,3,130
21,6407,271,0,11,hab,10,1,23,248
21,2610,151,0,7,hab,6,1,7,144
21,1928,156,0,18,hab,18,0,23,133
21,5432,406,0,17,hab,17,0,38,368
21,4726,517,0,24,hab,23,1,65,452
21,4591,672,0,63,hab,52,11,84,588
21,1632,90,0,8,hab,8,0,8,82
21,3617,495,0,23,hab,18,5,81,414
21,1453,137,1,6,hab,6,0,6,131
21,3509,189,0,19,hab,17,2,31,158
21,3137,218,0,8,hab,8,0,14,204
21,2983,503,0,19,hab,19,0,40,463
21,345,113,0,19,hab,18,1,30,83
21,244,131,0,19,hab,18,1,25,106
21,2950,189,0,15,hab,15,0,33,156
21,2751,419,1,33,hab,33,0,70,349
21,2444,292,0,27,hab,14,13,35,257
21,6315,191,0,58,hab,44,14,65,126
21,5754,222,2,18,hab,17,1,38,184
21,5356,163,2,29,hab,26,3,26,137
21,4511,289,0,18,hab,18,0,24,265
21,2783,297,1,80,hab,68,12,104,193
21,5120,1081,1,34,hab,34,0,210,871
21,4343,51,1,14,hab,12,2,12,39
21,3900,142,0,18,hab,17,1,23,119
21,3665,237,0,14,hab,14,0,21,216
21,3609,559,0,23,hab,22,1,55,504
21,621,265,0,7,hab,7,0,13,252
21,5576,583,0,43,hab,42,1,104,479
21,3478,486,0,18,hab,18,0,40,446
21,2788,314,0,20,hab,19,1,29,285
21,60,214,0,23,hab,23,0,40,174
21,ZEROBLOCK,1,0,0,hab,0,0,0,1
21,5574,228,0,21,hab,21,0,60,168
21,5523,301,0,157,hab,129,28,171,130
21,4863,589,0,45,hab,43,2,139,450
21,4907,227,0,6,hab,6,0,11,216
21,4969,1107,0,29,hab,27,2,97,1010
21,4518,229,0,20,hab,20,0,37,192
21,2801,240,0,65,hab,63,2,124,116
21,2575,244,0,16,hab,15,1,49,195
21,2193,314,0,17,hab,15,2,52,262
21,3976,355,0,62,hab,57,5,107,248
21,1797,224,0,28,hab,28,0,60,164
21,1145,215,0,55,hab,53,2,72,143
21,3779,363,0,77,hab,60,17,109,254
21,888,221,0,23,hab,22,1,46,175
21,5503,589,0,65,hab,62,3,101,488
21,1801,85,0,2,hab,2,0,4,81
21,48,146,0,24,hab,24,0,33,113
21,5595,334,0,11,hab,11,0,47,287
21,2990,725,0,60,hab,51,9,155,570
21,5594,808,0,49,hab,45,4,203,605
21,5562,376,0,19,hab,19,0,44,332
21,5347,913,0,9,hab,9,0,48,865
21,4924,414,4,9,hab,9,0,51,363
21,4571,872,3,52,hab,49,3,174,698
21,2544,723,0,32,hab,29,3,78,645
21,4060,694,0,25,hab,25,0,101,593
21,4930,291,4,20,hab,16,4,33,258
21,4610,469,0,19,hab,19,0,55,414
21,3638,353,0,34,hab,34,0,72,281
21,4285,514,0,17,hab,17,0,48,466
21,3376,698,0,15,hab,15,0,58,640
21,3126,407,0,30,hab,29,1,79,328
21,2784,578,0,27,hab,26,1,98,480
21,2420,260,2,6,hab,6,0,14,246
21,64,471,0,53,hab,47,6,92,379
21,2989,1146,2,11,hab,9,2,58,1088
21,5571,145,0,87,hab,87,0,91,54
21,5575,250,1,92,hab,89,3,115,135
21,5292,475,0,98,hab,96,2,146,329
21,6449,104,0,55,hab,55,0,64,40
21,1619,180,0,112,hab,108,4,122,58
21,5126,116,0,29,hab,29,0,36,80
21,4572,113,0,5,hab,5,0,6,107
21,4409,128,0,0,hab,0,0,0,128
21,3963,80,0,4,hab,4,0,4,76
21,2424,161,0,20,hab,20,0,24,137
21,1744,65,0,0,hab,0,0,0,65
21,2396,86,0,10,hab,10,0,10,76
21,7120,89,0,1,hab,1,0,1,88
21,1348,119,0,83,hab,82,1,91,28
21,1127,139,0,2,hab,1,1,1,138
21,7119,51,0,7,hab,7,0,8,43
21,895,50,0,3,hab,2,1,2,48
21,753,59,0,0,hab,0,0,0,59
21,107,152,0,21,hab,21,0,29,123
21,5878,120,2,6,hab,6,0,7,113
21,2056,820,0,21,hab,20,1,155,665
21,5502,196,0,74,hab,73,1,89,107
21,4255,194,0,39,hab,35,4,48,146
21,4150,165,0,87,hab,85,2,97,68
21,67,376,0,3,hab,3,0,5,371
21,1440,1054,0,30,hab,30,0,229,825
21,61,443,0,14,hab,14,0,46,397
21,6465,212,0,10,hab,10,0,17,195
21,4313,179,0,23,hab,23,0,37,142
21,6136,320,0,23,hab,23,0,48,272
21,5818,359,0,4,hab,3,1,3,356
21,5662,200,1,24,hab,22,2,30,170
21,4719,220,0,15,hab,13,2,19,201
21,4214,94,1,11,hab,9,2,12,82
21,4139,193,0,8,hab,7,1,9,184
21,3587,246,0,28,hab,27,1,35,211
21,1314,1307,1,11,hab,10,1,56,1251
21,2660,207,2,13,hab,13,0,20,187
21,2281,157,0,41,hab,35,6,42,115
21,1640,272,0,13,hab,13,0,19,253
21,1502,127,0,2,hab,2,0,3,124
21,1173,181,0,11,hab,11,0,17,164
21,388,252,0,35,hab,35,0,59,193
21,6419,115,0,15,hab,14,1,17,98
21,5473,134,0,39,hab,38,1,41,93
21,5331,166,1,83,hab,81,2,85,81
21,2761,95,0,14,hab,14,0,15,80
21,2221,139,0,10,hab,9,1,9,130
21,1503,106,0,9,hab,9,0,10,96
21,263,84,0,3,hab,3,0,2,82
21,251,147,1,3,hab,3,0,5,142
21,6228,108,0,16,hab,15,1,25,83
21,6150,136,0,149,osm,133,16,133,3
21,5288,91,0,94,osm,82,12,83,8
21,5860,94,0,33,hab,32,1,37,57
21,5779,225,0,21,hab,19,2,48,177
21,4642,135,0,157,osm,135,22,131,4
21,3880,102,0,104,osm,96,8,98,4
21,5596,142,0,11,hab,10,1,28,114
21,3337,94,0,101,osm,92,9,92,2
21,3336,83,0,88,osm,80,8,81,2
21,790,147,0,172,osm,136,36,141,6
21,5179,186,0,17,hab,15,2,25,161
21,6423,152,0,53,hab,53,0,54,98
21,5570,96,0,11,hab,11,0,14,82
21,3966,84,1,16,hab,16,0,19,65
21,4790,278,0,1,hab,1,0,9,269
21,5008,125,1,14,hab,14,0,14,111
21,7118,65,0,11,hab,11,0,16,49
21,4687,397,0,17,hab,17,0,72,325
21,4071,117,0,41,hab,41,0,47,70
21,3141,117,0,6,hab,5,1,5,112
21,7117,167,0,41,hab,30,11,35,132
21,1997,101,0,10,hab,10,0,12,89
21,4530,283,0,57,hab,53,4,82,201
21,1291,170,0,32,hab,31,1,33,137
21,1164,92,0,15,hab,12,3,13,79
21,1046,112,0,63,hab,60,3,61,51
21,760,123,0,17,hab,17,0,20,103
21,3849,138,0,2,hab,2,0,5,133
21,7116,29,0,17,hab,15,2,16,13
21,5676,117,0,7,hab,6,1,8,109
21,3973,82,0,3,hab,3,0,4,78
21,3285,167,0,49,hab,48,1,64,103
21,4015,114,0,11,hab,10,1,24,90
21,3136,132,0,39,hab,39,0,45,87
21,1794,134,1,7,hab,4,3,4,130
21,1750,189,0,9,hab,8,1,8,181
21,3667,292,0,44,hab,42,2,84,208
21,1561,255,1,36,hab,33,3,35,220
21,2951,1,0,0,hab,0,0,0,1
21,6402,35,0,19,hab,16,3,19,16
21,3512,732,0,61,hab,59,2,138,594
21,1135,201,0,38,hab,37,1,44,157
21,789,121,0,2,hab,2,0,2,119
21,241,115,0,48,hab,48,0,57,58
21,36,197,0,8,hab,8,0,13,184
21,6096,140,0,3,hab,3,0,3,137
21,5299,147,0,8,hab,8,0,9,138
21,5229,165,0,29,hab,29,0,37,128
21,2930,300,1,24,hab,22,2,67,233
21,2014,131,0,8,hab,8,0,13,118
21,1994,176,0,17,hab,16,1,22,154
21,1507,200,0,26,hab,22,4,31,169
21,239,161,0,60,hab,59,1,64,97
21,147,111,0,23,hab,23,0,29,82
21,6207,132,0,10,hab,10,0,10,122
21,5391,130,1,28,hab,28,0,32,98
21,5073,146,0,101,hab,93,8,95,51
21,4576,110,0,52,hab,52,0,60,50
21,4191,132,0,6,hab,6,0,9,123
21,4076,131,2,23,hab,21,2,21,110
21,3941,119,0,85,hab,84,1,83,36
21,3226,139,0,18,hab,15,3,15,124
21,2841,166,0,25,hab,25,0,32,134
21,2686,74,0,11,hab,10,1,9,65
21,2223,129,0,7,hab,6,1,6,123
21,2648,100,0,12,hab,12,0,15,85
21,84,226,0,35,hab,31,4,59,167
21,868,106,0,27,hab,21,6,27,79
21,6334,387,0,11,hab,10,1,52,335
21,6259,297,0,13,hab,13,0,39,258
21,5452,712,0,141,hab,141,0,248,464
21,3612,716,0,34,hab,34,0,117,599
21,4007,287,0,39,hab,37,2,42,245
21,5990,10,0,18,osm,0,18,0,10
21,2661,111,0,16,hab,15,1,22,89
21,866,424,0,28,hab,26,2,46,378
21,132,133,0,12,hab,3,9,7,126
21,7103,557,4,16,hab,16,0,58,499
21,7102,192,0,21,hab,12,9,35,157
21,7101,251,0,3,hab,3,0,13,238
21,7100,1143,0,17,hab,17,0,80,1063
21,7099,244,0,17,hab,15,2,35,209
21,7098,385,0,34,hab,32,2,89,296
21,7097,1070,0,7,hab,7,0,45,1025
21,6403,86,0,15,hab,15,0,19,67
21,5577,128,0,8,hab,8,0,8,120
21,4626,115,0,1,hab,1,0,1,114
21,4570,145,0,7,hab,7,0,9,136
21,3559,204,0,6,hab,6,0,6,198
21,2581,179,0,1,hab,1,0,1,178
21,1908,291,0,7,hab,7,0,10,281
21,1597,90,0,2,hab,2,0,2,88
21,681,312,3,13,hab,8,5,10,302
21,262,288,0,6,hab,6,0,8,280
21,136,146,0,4,hab,4,0,4,142
21,6260,181,0,5,hab,5,0,6,175
21,5755,87,0,4,hab,4,0,6,81
21,5632,148,2,3,hab,3,0,3,145
21,7115,124,3,10,hab,8,2,9,115
21,4431,273,1,17,hab,17,0,25,248
21,3021,130,0,7,hab,7,0,8,122
21,2730,212,0,20,hab,17,3,21,191
21,2611,153,0,76,hab,74,2,78,75
21,2224,153,0,1,hab,1,0,1,152
21,646,142,0,24,hab,24,0,24,118
21,309,139,1,20,hab,19,1,20,119
21,4579,108,0,3,hab,3,0,3,105
21,2400,199,0,37,hab,35,2,41,158
21,2328,124,0,7,hab,7,0,8,116
21,1918,155,1,36,hab,35,1,33,122
21,876,229,0,12,hab,11,1,15,214
21,363,146,0,2,hab,2,0,2,144
21,126,198,0,36,hab,33,3,42,156
21,1125,111,0,11,hab,11,0,12,99
21,6210,82,0,1,hab,1,0,1,81
21,4090,97,2,56,hab,55,1,62,35
21,3953,60,0,8,hab,8,0,7,53
21,2702,167,1,32,hab,31,1,31,136
21,2100,149,2,57,hab,50,7,52,97
21,2215,80,2,0,hab,0,0,0,80
21,1483,124,0,13,hab,13,0,15,109
21,1586,52,0,0,hab,0,0,0,52
21,951,82,1,8,hab,7,1,7,75
21,875,105,0,2,hab,2,0,2,103
21,231,48,0,10,hab,10,0,10,38
21,5275,99,1,11,hab,11,0,14,85
21,4871,96,1,7,hab,7,0,9,87
21,4617,74,0,3,hab,3,0,3,71
21,1842,151,0,8,hab,8,0,14,137
21,6425,128,0,20,hab,19,1,23,105
21,622,126,1,8,hab,8,0,10,116
21,65,151,0,2,hab,0,2,0,151
21,4140,132,0,0,hab,0,0,0,132
21,1521,63,0,1,hab,1,0,1,62
21,1280,139,0,8,hab,7,1,6,133
21,5170,96,0,16,hab,16,0,18,78
21,1066,101,0,7,hab,7,0,6,95
21,6202,176,1,12,hab,12,0,14,162
21,3929,108,0,10,hab,10,0,10,98
21,3933,115,0,16,hab,16,0,20,95
21,6480,141,0,13,hab,13,0,19,122
21,3515,124,0,6,hab,6,0,9,115
21,5457,98,0,9,hab,9,0,11,87
21,1279,155,2,22,hab,12,10,13,142
21,5947,94,0,2,hab,2,0,2,92
21,4014,148,0,3,hab,3,0,4,144
21,62,175,0,9,hab,9,0,10,165
21,5961,73,0,1,hab,1,0,3,70
21,1544,86,0,15,hab,15,0,15,71
21,1454,136,0,11,hab,11,0,10,126
21,1169,141,0,20,hab,20,0,35,106
21,819,111,0,2,hab,0,2,0,111
21,196,105,0,17,hab,17,0,29,76
21,160,110,0,37,hab,3,34,3,107
21,9,147,0,31,hab,31,0,38,109
21,5650,105,0,20,hab,20,0,22,83
21,5548,67,0,3,hab,2,1,2,65
21,5359,99,1,26,hab,26,0,38,61
21,4149,105,0,62,hab,61,1,61,44
21,3819,142,0,32,hab,32,0,35,107
21,3598,66,0,30,hab,30,0,31,35
21,2939,148,0,21,hab,21,0,22,126
21,3434,87,0,84,hab,83,1,86,1
21,2397,120,0,24,hab,22,2,25,95
21,3913,117,0,1,hab,1,0,2,115
21,3673,117,0,1,hab,1,0,1,116
21,3586,116,0,5,hab,5,0,5,111
21,6466,154,0,10,hab,10,0,12,142
21,6415,149,0,11,hab,11,0,12,137
21,5150,141,0,7,hab,7,0,13,128
21,4882,216,0,46,hab,45,1,56,160
21,4279,100,0,5,hab,5,0,5,95
21,3725,132,0,8,hab,7,1,11,121
21,2881,184,0,27,hab,25,2,36,148
24,42,21,0,2,hab,1,1,1,20
24,2987,23,0,6,hab,4,2,4,19
24,2233,17,0,4,hab,3,1,3,14
24,1213,59,0,23,hab,15,8,15,44
24,6145,44,0,46,osm,39,7,40,4
24,6119,9,0,2,hab,1,1,1,8
24,5493,22,0,4,hab,3,1,3,19
24,5352,15,0,11,hab,11,0,11,4
24,1070,19,0,13,hab,7,6,7,12
24,6015,21,2,10,hab,8,2,8,13
24,3448,35,1,5,hab,3,2,4,31
24,3447,28,0,3,hab,1,2,1,27
24,2988,40,0,13,hab,12,1,12,28
24,3396,50,3,43,hab,29,14,30,20
24,6014,28,1,9,hab,5,4,6,22
24,6482,23,2,4,hab,2,2,3,20
24,5149,20,1,4,hab,3,1,3,17
24,1724,12,0,2,hab,1,1,1,11
24,1451,27,0,16,hab,15,1,15,12
24,4742,12,0,3,hab,3,0,3,9
24,6396,22,0,9,hab,8,1,8,14
24,4286,15,1,8,hab,8,0,7,8
17,3419,319,0,145,hab,144,1,187,132
17,3717,323,4,133,hab,131,2,176,147
17,353,165,0,140,hab,135,5,151,14
17,2625,104,0,86,hab,86,0,94,10
17,924,324,0,114,hab,109,5,147,177
17,2294,243,1,124,hab,113,11,149,94
17,371,110,0,65,hab,64,1,79,31
17,946,109,1,44,hab,44,0,62,47
17,2257,156,0,123,hab,121,2,133,23
17,2071,206,0,149,hab,149,0,169,37
17,1374,272,3,177,hab,173,4,218,54
17,2408,105,1,61,hab,60,1,74,31
17,2247,139,0,84,hab,77,7,92,47
17,201,479,0,77,hab,77,0,274,205
17,5801,735,11,64,hab,60,4,256,479
17,6185,1199,4,142,hab,139,3,598,601
17,2243,1196,47,97,hab,95,2,271,925
17,2253,161,0,124,hab,120,4,123,38
17,1976,160,1,111,hab,105,6,124,36
17,3222,208,0,166,hab,149,17,172,36
17,818,775,3,23,hab,22,1,240,535
17,2060,191,0,122,hab,118,4,139,52
17,284,195,0,93,hab,85,8,96,99
17,1283,181,1,119,hab,117,2,126,55
17,5343,130,0,90,hab,87,3,99,31
17,5684,126,0,77,hab,73,4,87,39
17,311,334,2,154,hab,149,5,192,142
17,5681,1599,0,220,hab,212,8,814,785
17,5517,196,0,153,hab,143,10,160,36
17,5563,94,0,87,hab,82,5,89,5
17,638,209,0,140,hab,135,5,169,40
17,785,155,0,145,hab,138,7,141,14
17,5242,1172,2,80,hab,74,6,178,994
17,3492,640,46,64,hab,57,7,177,463
17,909,161,1,124,hab,120,4,132,29
17,2256,123,0,95,hab,92,3,104,19
17,637,167,2,113,hab,108,5,126,41
17,2228,126,0,119,hab,113,6,120,6
17,2240,1206,2,84,hab,83,1,661,545
17,2521,538,0,101,hab,95,6,200,338
17,3946,183,0,130,hab,126,4,156,27
17,701,177,0,134,hab,127,7,143,34
17,5646,183,5,121,hab,110,11,125,58
17,2239,196,2,120,hab,118,2,153,43
17,74,199,0,136,hab,135,1,162,37
17,3096,312,0,137,hab,135,2,175,137
17,2803,591,0,55,hab,50,5,370,221
17,5092,110,0,105,hab,97,8,95,15
17,376,389,2,157,hab,156,1,262,127
17,1274,310,0,160,hab,159,1,242,68
17,3251,597,1,90,hab,90,0,367,230
17,1309,422,0,280,hab,273,7,358,64
17,217,421,3,202,hab,199,3,343,78
17,759,268,3,145,hab,138,7,227,41
17,2031,342,0,197,hab,194,3,277,65
17,715,745,5,112,hab,108,4,329,416
17,2038,125,0,61,hab,59,2,97,28
17,3986,210,4,97,hab,94,3,156,54
17,1276,532,2,151,hab,147,4,259,273
17,5601,1380,2,162,hab,160,2,743,637
17,2572,460,0,197,hab,193,4,295,165
17,3128,797,12,60,hab,59,1,233,564
17,507,475,0,276,hab,273,3,380,95
17,4890,980,4,72,hab,71,1,250,730
17,5569,313,3,169,hab,153,16,233,80
17,3972,413,0,210,hab,209,1,310,103
17,3949,489,1,85,hab,84,1,198,291
17,4166,448,0,52,hab,52,0,178,270
17,2692,682,2,229,hab,223,6,433,249
17,5765,509,1,57,hab,57,0,285,224
17,5924,244,0,164,hab,149,15,180,64
17,1128,327,1,175,hab,169,6,227,100
17,6373,542,10,100,hab,85,15,174,368
17,1324,275,0,190,hab,186,4,230,45
17,2229,360,0,170,hab,166,4,249,111
17,6462,1233,0,99,hab,99,0,405,828
17,5743,405,4,271,hab,269,2,341,64
17,2237,230,1,139,hab,133,6,177,53
17,5565,216,1,150,hab,149,1,188,28
17,2241,354,1,152,hab,145,7,227,127
17,2947,297,0,197,hab,184,13,221,76
17,3907,151,0,80,hab,78,2,115,36
17,546,1040,10,100,hab,99,1,429,611
17,1179,278,1,119,hab,117,2,199,79
17,3088,352,0,250,hab,245,5,297,55
17,5592,244,0,158,hab,153,5,175,69
17,713,1347,14,52,hab,52,0,275,1072
17,6017,1210,22,128,hab,122,6,430,780
17,3206,395,18,255,hab,250,5,322,73
17,6446,234,0,180,hab,176,4,205,29
17,3664,847,6,145,hab,126,19,402,445
17,1091,574,1,182,hab,179,3,390,184
17,2033,821,5,211,hab,208,3,536,285
17,1232,276,0,182,hab,178,4,226,50
17,2205,384,0,192,hab,180,12,256,128
17,1180,629,4,215,hab,209,6,390,239
17,4712,310,0,184,hab,182,2,252,58
17,4509,199,0,128,hab,127,1,172,27
17,3129,166,11,139,hab,128,11,132,34
17,2139,253,1,172,hab,170,2,203,50
17,4644,379,3,182,hab,177,5,332,47
17,2331,188,0,131,hab,130,1,157,31
17,3205,217,0,153,hab,151,2,181,36
17,101,345,2,105,hab,102,3,220,125
17,5769,116,0,90,hab,88,2,103,13
17,5666,558,0,245,hab,239,6,431,127
17,3133,446,1,154,hab,153,1,328,118
17,6092,450,2,172,hab,171,1,309,141
17,3487,487,1,255,hab,248,7,425,62
17,4039,213,1,154,hab,148,6,171,42
17,1471,240,4,164,hab,152,12,193,47
17,6149,614,3,266,hab,258,8,458,156
17,226,758,4,251,hab,244,7,506,252
17,6159,493,1,163,hab,157,6,325,168
17,5647,296,0,108,hab,106,2,155,141
17,5766,385,3,228,hab,227,1,327,58
17,3611,389,1,229,hab,227,2,329,60
17,4933,204,1,128,hab,128,0,145,59
17,1497,318,0,115,hab,114,1,138,180
17,2785,1057,13,64,hab,63,1,289,768
17,3988,75,0,58,hab,56,2,65,10
17,3258,1171,3,108,hab,103,5,372,799
17,417,132,0,122,hab,117,5,121,11
17,3264,830,2,221,hab,215,6,567,263
17,5021,130,0,98,hab,96,2,106,24
17,4932,138,2,54,hab,50,4,56,82
17,5613,283,0,178,hab,176,2,228,55
17,5749,136,0,102,hab,101,1,111,25
17,709,194,2,103,hab,92,11,116,78
17,2101,117,1,90,hab,86,4,97,20
17,2099,106,0,79,hab,75,4,84,22
17,1851,277,25,110,hab,104,6,140,137
17,3476,277,1,180,hab,176,4,235,42
17,3306,179,0,118,hab,114,4,136,43
17,6456,157,0,132,hab,130,2,142,15
17,5191,120,1,97,hab,96,1,106,14
17,1294,201,1,148,hab,140,8,154,47
17,3584,260,0,170,hab,160,10,209,51
17,2181,697,2,266,hab,254,12,524,173
17,2238,369,1,199,hab,197,2,329,40
17,5284,629,5,160,hab,157,3,412,217
17,1088,67,2,61,hab,58,3,59,8
17,5453,65,0,53,hab,53,0,57,8
17,3658,252,1,204,hab,201,3,229,23
17,1793,71,1,56,hab,55,1,59,12
17,2115,189,0,86,hab,84,2,119,70
17,4058,509,6,251,hab,249,2,388,121
17,2259,305,2,224,hab,216,8,259,46
17,4156,266,0,198,hab,195,3,216,50
17,3947,95,4,61,hab,60,1,69,26
17,1523,218,0,163,hab,163,0,197,21
17,1653,432,1,214,hab,211,3,326,106
17,4271,430,1,153,hab,153,0,308,122
17,191,353,1,117,hab,114,3,196,157
17,505,326,1,87,hab,85,2,172,154
17,5844,198,1,143,hab,141,2,173,25
17,2252,49,0,53,osm,47,6,47,2
17,2242,282,0,223,hab,219,4,264,18
17,504,370,0,138,hab,135,3,234,136
17,3502,585,0,150,hab,149,1,329,256
17,5024,373,1,130,hab,127,3,232,141
17,503,124,1,69,hab,62,7,84,40
17,4237,58,0,55,hab,54,1,54,4
17,6455,56,3,30,hab,29,1,39,17
17,26,133,0,70,hab,69,1,86,47
17,2123,151,0,149,hab,138,11,142,9
17,5718,484,9,173,hab,162,11,317,167
17,2482,168,0,128,hab,124,4,143,25
17,2196,90,0,92,osm,87,5,88,2
17,2146,84,1,78,hab,75,3,79,5
17,1600,128,0,89,hab,82,7,86,42
17,3259,59,0,54,hab,53,1,56,3
17,4183,31,0,31,hab,30,1,31,0
17,5573,96,1,87,hab,85,2,91,5
17,1330,191,0,126,hab,123,3,144,47
17,5462,154,0,99,hab,98,1,111,43
33,1484,133,33,61,hab,20,41,20,113
33,1465,134,43,1,hab,0,1,0,134
33,56,713,47,0,hab,0,0,0,713
33,448,526,33,42,hab,39,3,115,411
33,1430,526,109,3,hab,3,0,23,503
33,3052,399,4,1,hab,1,0,1,398
33,748,238,17,1,hab,1,0,6,232
33,3522,423,13,261,hab,240,21,403,20
33,1671,262,53,1,hab,1,0,5,257
33,380,287,33,0,hab,0,0,0,287
33,1051,515,4,395,hab,387,8,514,1
33,977,112,15,1,hab,0,1,0,112
33,1719,298,30,12,hab,12,0,20,278
33,2365,472,96,1,hab,1,0,7,465
33,2570,639,86,1,hab,1,0,4,635
33,139,115,27,1,hab,0,1,0,115
33,256,94,2,13,hab,13,0,13,81
33,3281,459,98,2,hab,2,0,31,428
33,3299,453,62,157,hab,153,4,219,234
33,6005,179,4,2,hab,2,0,6,173
33,3369,455,39,0,hab,0,0,0,455
33,3938,147,41,0,hab,0,0,0,147
33,4577,190,8,0,hab,0,0,0,190
33,269,282,25,0,hab,0,0,0,282
33,506,260,115,0,hab,0,0,0,260
33,902,315,21,17,hab,16,1,48,267
33,5933,166,6,0,hab,0,0,0,166
33,913,255,50,2,hab,1,1,1,254
33,1775,326,18,1,hab,1,0,3,323
33,2172,243,29,1,hab,1,0,5,238
33,1861,217,16,2,hab,1,1,1,216
33,2210,361,8,1,hab,1,0,5,356
33,3872,275,34,2,hab,2,0,2,273
33,5854,421,7,0,hab,0,0,0,421
33,1417,118,9,0,hab,0,0,0,118
33,994,116,22,1,hab,1,0,1,115
33,4243,366,16,1,hab,1,0,8,358
33,5240,272,36,0,hab,0,0,0,272
33,4880,225,9,10,hab,9,1,21,204
33,5619,322,28,4,hab,4,0,10,312
33,5625,271,32,1,hab,1,0,7,264
33,896,210,57,9,hab,9,0,17,193
33,5805,338,34,0,hab,0,0,0,338
33,229,491,7,78,hab,76,2,154,337
33,1316,514,9,1,hab,1,0,10,504
33,1345,493,1,1,hab,1,0,5,488
33,2812,302,8,4,hab,3,1,9,293
33,2136,470,41,1,hab,1,0,5,465
33,4756,579,5,2,hab,2,0,20,559
33,2024,360,10,1,hab,1,0,9,351
33,4616,176,25,0,hab,0,0,0,176
33,1509,370,0,0,hab,0,0,0,370
33,822,198,8,2,hab,2,0,17,181
33,873,106,13,0,hab,0,0,0,106
33,821,268,33,0,hab,0,0,0,268
33,786,333,28,1,hab,1,0,9,324
33,761,167,28,0,hab,0,0,0,167
33,521,286,7,0,hab,0,0,0,286
33,423,366,47,1,hab,1,0,16,350
33,754,144,29,0,hab,0,0,0,144
33,72,177,13,1,hab,1,0,3,174
33,5497,558,12,5,hab,5,0,1,557
33,5472,271,28,0,hab,0,0,0,271
33,2412,134,5,12,hab,7,5,11,123
33,2758,110,14,9,hab,8,1,16,94
33,5063,274,0,1,hab,1,0,6,268
33,3382,331,18,0,hab,0,0,0,331
33,3681,483,25,0,hab,0,0,0,483
33,5050,288,111,0,hab,0,0,0,288
33,406,204,4,0,hab,0,0,0,204
33,4425,477,207,35,hab,34,1,132,345
33,3773,320,5,6,hab,6,0,14,306
33,1325,709,39,67,hab,54,13,128,581
33,1551,328,9,148,hab,145,3,247,81
33,1150,304,16,12,hab,10,2,23,281
33,1118,345,7,52,hab,51,1,102,243
33,3340,68,14,4,hab,3,1,3,65
33,1474,106,20,51,hab,48,3,56,50
33,222,94,6,93,osm,79,14,83,11
33,5483,162,20,20,hab,20,0,36,126
33,4340,186,13,11,hab,6,5,10,176
33,207,96,16,3,hab,1,2,1,95
33,4268,198,22,1,hab,1,0,3,195
33,3894,242,29,4,hab,2,2,4,238
33,4096,257,6,3,hab,2,1,9,248
33,3042,154,13,2,hab,1,1,4,150
33,2398,205,16,20,hab,19,1,29,176
33,3186,343,48,3,hab,2,1,8,335
33,6367,557,77,491,osm,473,18,503,54
33,5448,347,71,245,hab,212,33,310,37
33,1549,156,31,1,hab,1,0,3,153
33,2110,196,42,2,hab,2,0,4,192
33,25,177,33,3,hab,2,1,3,174
33,5501,303,5,1,hab,1,0,1,302
33,4229,212,4,25,hab,18,7,22,190
33,1103,317,7,2,hab,2,0,18,299
33,5011,213,18,310,osm,298,12,201,12
33,4553,394,22,439,osm,429,10,389,5
33,6138,301,5,0,hab,0,0,0,301
33,3224,309,113,190,hab,185,5,214,95
33,2746,540,85,457,osm,445,12,503,37
33,2163,502,56,478,osm,457,21,480,22
33,522,336,72,221,hab,216,5,298,38
33,398,450,82,388,osm,290,98,407,43
33,657,517,96,366,hab,338,28,467,50
33,5438,203,21,0,hab,0,0,0,203
33,5056,92,1,2,hab,1,1,1,91
33,4244,171,22,3,hab,3,0,4,167
33,3809,114,8,0,hab,0,0,0,114
33,1763,163,24,24,hab,23,1,32,131
33,5560,142,4,0,hab,0,0,0,142
33,3562,108,11,0,hab,0,0,0,108
33,5816,342,9,2,hab,1,1,5,337
33,5668,242,11,1,hab,1,0,2,240
33,5602,408,32,1,hab,1,0,5,403
33,4867,202,14,49,hab,18,31,19,183
33,4295,580,9,3,hab,3,0,28,552
33,3749,247,15,1,hab,1,0,16,231
33,1537,467,22,1,hab,1,0,6,461
33,2137,313,11,3,hab,3,0,11,302
33,5088,240,11,2,hab,2,0,18,222
33,2102,427,44,5,hab,3,2,6,421
33,515,459,59,9,hab,9,0,21,438
33,6090,157,0,127,hab,116,11,138,19
33,4161,323,0,294,hab,249,45,290,33
33,5759,419,48,236,hab,225,11,390,29
33,5148,485,12,434,hab,422,12,484,1
33,4410,190,0,205,osm,176,29,187,3
33,2164,410,0,361,hab,321,40,399,11
33,1906,326,33,247,hab,244,3,318,8
33,4739,257,15,1,hab,1,0,1,256
33,1807,381,44,249,hab,230,19,337,44
33,476,492,0,334,hab,311,23,467,25
33,5460,297,48,2,hab,2,0,7,290
33,5161,151,23,0,hab,0,0,0,151
33,4077,266,33,3,hab,1,2,7,259
33,4011,92,10,0,hab,0,0,0,92
33,1800,182,59,3,hab,3,0,9,173
33,4646,228,3,0,hab,0,0,0,228
33,1679,230,39,0,hab,0,0,0,230
33,1287,205,38,0,hab,0,0,0,205
33,2677,188,0,127,hab,121,6,175,13
33,976,161,0,129,hab,115,14,140,21
33,6148,357,0,266,hab,240,26,347,10
33,5109,134,4,0,hab,0,0,0,134
33,3674,122,2,12,hab,6,6,15,107
33,5582,941,39,287,hab,279,8,920,21
33,3855,711,21,429,hab,398,31,687,24
33,2587,695,52,328,hab,328,0,689,6
33,2448,774,18,311,hab,309,2,773,1
33,2266,783,62,419,hab,412,7,736,47
33,1755,785,78,390,hab,390,0,761,24
33,1331,533,59,321,hab,296,25,487,46
33,451,428,12,245,hab,242,3,417,11
33,384,52,0,47,hab,47,0,52,0
33,6233,169,40,1,hab,0,1,0,169
33,5329,166,28,7,hab,6,1,9,157
33,4898,174,9,0,hab,0,0,0,174
33,3821,488,10,1,hab,1,0,12,476
33,3882,138,14,0,hab,0,0,0,138
33,3193,327,10,1,hab,1,0,5,322
33,2140,181,9,0,hab,0,0,0,181
33,3539,329,21,2,hab,1,1,5,324
33,3361,279,3,1,hab,1,0,10,269
33,941,485,27,0,hab,0,0,0,485
33,299,333,2,1,hab,1,0,10,323
33,37,319,11,1,hab,1,0,27,292
33,327,158,14,2,hab,2,0,3,155
33,5249,224,13,1,hab,1,0,4,220
33,252,249,18,43,hab,43,0,91,158
33,50,186,5,1,hab,1,0,1,185
33,8,312,38,92,hab,90,2,151,161
33,910,272,29,35,hab,33,2,54,218
33,2334,136,6,3,hab,1,2,1,135
33,314,287,6,33,hab,20,13,39,248
33,7061,599,36,3,hab,3,0,28,571
33,7063,697,28,6,hab,6,0,30,667
33,765,202,12,1,hab,1,0,2,200
33,7054,425,30,0,hab,0,0,0,425
33,7060,555,0,25,hab,21,4,65,490
33,7057,361,12,0,hab,0,0,0,361
33,4461,191,4,0,hab,0,0,0,191
33,7058,490,27,14,hab,14,0,34,456
33,7055,549,13,1,hab,1,0,4,545
33,7052,334,8,0,hab,0,0,0,334
33,7053,364,0,0,hab,0,0,0,364
33,7059,560,0,31,hab,31,0,131,429
33,7051,487,0,0,hab,0,0,0,487
33,4460,226,8,0,hab,0,0,0,226
33,7062,414,24,1,hab,1,0,17,397
33,5894,743,25,47,hab,39,8,170,573
33,5052,660,29,4,hab,4,0,38,622
33,3866,154,2,0,hab,0,0,0,154
33,2349,705,50,3,hab,3,0,50,655
33,2387,712,9,1,hab,1,0,14,698
33,54,956,14,24,hab,24,0,88,868
33,3741,102,7,0,hab,0,0,0,102
33,5745,256,13,2,hab,2,0,63,193
33,5543,261,8,3,hab,2,1,4,257
33,4828,291,4,0,hab,0,0,0,291
33,3848,310,19,1,hab,1,0,4,306
33,3774,282,5,1,hab,1,0,50,232
33,3131,372,32,1,hab,0,1,0,372
33,2858,424,75,47,hab,43,4,38,386
33,2886,432,11,1,hab,1,0,4,428
33,2454,221,13,1,hab,1,0,2,219
33,2122,440,12,2,hab,2,0,16,424
33,1110,197,24,4,hab,0,4,0,197
33,405,392,13,2,hab,2,0,5,387
33,4738,335,3,1,hab,1,0,139,196
33,2235,377,9,14,hab,12,2,19,358
33,1566,465,24,0,hab,0,0,0,465
33,2469,174,19,151,hab,147,4,154,20
33,2282,186,13,175,osm,173,2,173,13
33,1854,243,6,220,hab,216,4,237,6
33,1559,163,1,169,osm,156,13,152,11
33,928,168,16,149,hab,145,4,156,12
33,5280,157,1,153,hab,141,12,153,4
33,4754,200,9,153,hab,141,12,186,14
33,2998,163,12,104,hab,101,3,147,16
33,1777,131,0,110,hab,104,6,125,6
33,1768,427,12,259,hab,250,9,411,16
33,394,220,11,156,hab,148,8,203,17
33,5428,172,9,89,hab,84,5,88,84
33,5264,128,2,17,hab,17,0,23,105
33,5228,206,16,36,hab,35,1,39,167
33,4013,203,9,46,hab,46,0,57,146
33,2190,164,3,0,hab,0,0,0,164
33,2177,205,9,14,hab,11,3,13,192
33,6123,242,24,0,hab,0,0,0,242
33,5895,265,16,5,hab,5,0,6,259
33,3422,161,4,130,hab,126,4,129,32
33,5507,287,26,0,hab,0,0,0,287
33,5342,287,60,1,hab,0,1,0,287
33,5341,210,23,0,hab,0,0,0,210
33,3604,160,36,1,hab,0,1,0,160
33,3483,271,18,1,hab,1,0,5,266
33,3171,304,57,0,hab,0,0,0,304
33,2556,209,20,0,hab,0,0,0,209
33,5822,338,17,0,hab,0,0,0,338
33,2170,174,9,1,hab,0,1,0,174
33,2161,233,26,1,hab,1,0,5,228
33,947,255,18,0,hab,0,0,0,255
33,810,375,10,1,hab,1,0,4,371
33,808,342,73,3,hab,3,0,17,325
33,690,281,26,0,hab,0,0,0,281
33,670,267,21,0,hab,0,0,0,267
33,41,359,12,4,hab,4,0,14,345
33,6943,93,9,1,hab,0,1,0,93
33,6942,94,3,1,hab,1,0,2,92
33,2373,199,10,1,hab,1,0,5,194
33,6944,136,15,0,hab,0,0,0,136
33,4768,303,78,1,hab,1,0,10,293
33,2351,201,6,1,hab,1,0,2,199
33,4462,246,4,0,hab,0,0,0,246
33,2922,462,47,1,hab,1,0,12,450
33,2543,267,27,4,hab,4,0,9,258
33,1979,523,44,1,hab,1,0,6,517
33,1802,319,81,0,hab,0,0,0,319
33,1187,330,6,2,hab,0,2,0,330
33,1092,541,26,209,hab,205,4,293,248
33,4021,82,3,15,hab,12,3,14,68
33,3775,154,4,43,hab,37,6,54,100
33,5409,368,96,0,hab,0,0,0,368
33,1048,277,49,0,hab,0,0,0,277
33,537,302,74,1,hab,1,0,8,294
33,6432,405,14,507,osm,450,57,401,4
33,5915,484,21,445,hab,408,37,470,14
33,5212,510,12,460,hab,456,4,508,2
33,4551,758,89,518,hab,509,9,715,43
33,591,557,71,0,hab,0,0,0,557
33,4506,262,24,260,osm,255,5,261,1
33,4242,470,31,364,hab,345,19,453,17
33,3959,468,0,425,hab,398,27,468,0
33,3693,309,22,534,osm,500,34,307,2
33,869,724,8,1,hab,1,0,5,719
33,2494,467,75,473,osm,436,37,433,34
33,2846,571,23,565,osm,563,2,563,8
33,2302,453,29,380,hab,374,6,438,15
33,2111,539,62,336,hab,336,0,524,15
33,1254,353,6,507,osm,464,43,352,1
33,1367,516,0,399,hab,392,7,512,4
33,712,542,0,502,hab,468,34,537,5
33,342,386,13,456,osm,443,13,382,4
33,5269,234,10,2,hab,2,0,4,230
33,5162,90,10,2,hab,2,0,4,86
33,3958,165,28,0,hab,0,0,0,165
33,3720,113,24,4,hab,4,0,8,105
33,3677,199,24,0,hab,0,0,0,199
33,1937,148,33,0,hab,0,0,0,148
33,556,106,12,0,hab,0,0,0,106
33,1392,92,17,12,hab,12,0,14,78
33,1429,142,13,44,hab,38,6,50,92
33,6153,510,172,73,hab,73,0,212,298
33,5567,438,81,18,hab,15,3,37,401
33,4192,387,37,6,hab,1,5,13,374
33,874,89,15,51,hab,47,4,64,25
33,5234,191,5,1,hab,1,0,7,184
33,4968,60,11,46,hab,35,11,41,19
33,963,131,38,2,hab,2,0,6,125
33,43,597,51,16,hab,16,0,70,527
33,5528,354,19,1,hab,1,0,12,342
33,3466,590,29,14,hab,14,0,65,525
33,2918,368,72,3,hab,3,0,13,355
33,2455,365,67,2,hab,2,0,7,358
33,3881,339,9,1,hab,1,0,2,337
33,4240,206,9,7,hab,7,0,13,193
33,2584,302,5,5,hab,5,0,9,293
33,5932,970,96,22,hab,20,2,74,896
33,2672,390,19,1,hab,1,0,11,379
33,359,185,9,0,hab,0,0,0,185
33,5709,296,29,210,hab,201,9,279,17
33,5201,312,73,259,osm,248,11,257,55
33,4861,466,52,215,hab,205,10,434,32
33,3858,476,44,352,hab,337,15,463,13
33,3753,375,19,265,hab,251,14,354,21
33,2151,428,24,225,hab,221,4,363,65
33,935,437,41,15,hab,14,1,51,386
33,2456,254,10,32,hab,30,2,55,199
33,1114,150,61,9,hab,9,0,13,137
33,813,231,9,11,hab,11,0,15,216
33,651,291,14,2,hab,2,0,6,285
33,599,243,29,15,hab,14,1,34,209
33,5547,269,34,2,hab,2,0,6,263
33,5417,302,13,5,hab,1,4,1,301
33,2019,331,3,1,hab,1,0,3,328
33,3887,371,2,3,hab,3,0,10,361
33,1296,160,17,5,hab,3,2,9,151
33,5867,281,3,18,hab,14,4,24,257
33,3471,144,4,9,hab,8,1,11,133
33,3793,383,21,304,hab,295,9,374,9
33,3341,334,31,8,hab,8,0,14,320
33,1605,278,5,3,hab,3,0,8,270
33,2309,437,46,17,hab,7,10,13,424
33,3401,425,12,333,hab,320,13,419,6
33,525,294,19,2,hab,2,0,9,285
33,6386,519,52,0,hab,0,0,0,519
33,5046,437,149,26,hab,24,2,31,406
33,5488,736,209,0,hab,0,0,0,736
33,4421,623,124,8,hab,8,0,34,589
33,3937,261,93,0,hab,0,0,0,261
33,2817,617,146,3,hab,3,0,62,555
33,4262,377,72,19,hab,17,2,33,344
33,2906,411,19,21,hab,9,12,16,395
33,2747,257,95,53,hab,53,0,101,156
33,2185,309,99,2,hab,2,0,16,293
33,5667,701,0,4,hab,2,2,13,688
33,5423,383,0,53,hab,48,5,117,266
33,7050,221,43,34,hab,34,0,41,180
33,2750,213,0,1,hab,1,0,4,209
33,7048,286,29,23,hab,22,1,40,246
33,5584,374,24,1,hab,1,0,6,368
33,5421,350,49,1,hab,1,0,3,347
33,7044,259,54,0,hab,0,0,0,259
33,4597,321,32,5,hab,4,1,19,302
33,5337,156,7,0,hab,0,0,0,156
33,7045,198,43,8,hab,8,0,10,188
33,2667,372,26,2,hab,2,0,4,368
33,2601,216,21,0,hab,0,0,0,216
33,1927,374,27,0,hab,0,0,0,374
33,2861,239,0,74,hab,74,0,87,152
33,1106,118,0,0,hab,0,0,0,118
33,3686,303,0,106,hab,105,1,110,193
33,3558,306,29,1,hab,1,0,2,304
33,3778,196,9,28,hab,27,1,46,150
33,2174,163,14,149,hab,140,9,145,18
33,2085,242,15,34,hab,32,2,61,181
33,511,227,22,13,hab,13,0,37,190
33,163,183,30,151,hab,143,8,160,23
33,482,224,2,34,hab,30,4,64,160
33,1852,145,0,132,hab,119,13,134,11
33,1812,135,3,132,hab,115,17,125,10
33,5673,261,71,3,hab,3,0,17,244
33,5509,280,15,2,hab,2,0,7,273
33,5782,156,22,1,hab,1,0,3,153
33,5626,198,1,1,hab,0,1,0,198
33,4730,505,9,330,hab,320,10,504,1
33,4522,566,5,390,hab,382,8,566,0
33,4290,456,22,270,hab,262,8,431,25
33,4236,448,6,309,hab,305,4,429,19
33,4998,160,3,2,hab,2,0,3,157
33,5059,238,9,1,hab,1,0,8,230
33,1321,215,61,6,hab,6,0,14,201
33,2532,237,20,186,hab,168,18,206,31
33,1203,100,12,23,hab,22,1,35,65
33,1193,120,6,30,hab,29,1,49,71
33,446,235,5,112,hab,109,3,151,84
33,1654,375,46,2,hab,2,0,11,364
33,366,262,14,1,hab,1,0,9,253
33,1776,160,17,5,hab,5,0,9,151
33,1947,402,90,4,hab,4,0,30,372
33,5122,509,63,1,hab,1,0,4,505
33,5419,35,0,29,hab,26,3,28,7
33,2976,41,0,23,hab,19,4,20,21
33,2441,57,0,41,hab,41,0,47,10
33,2183,96,1,8,hab,7,1,8,88
33,5623,84,1,69,hab,63,6,81,3
33,4957,516,2,752,osm,615,137,488,28
33,4424,255,0,292,osm,263,29,246,9
33,7056,743,15,0,hab,0,0,0,743
33,2762,224,8,0,hab,0,0,0,224
33,4162,606,9,248,hab,238,10,571,35
33,4062,441,4,375,hab,338,37,425,16
33,3491,289,6,341,osm,310,31,272,17
33,3360,257,2,520,osm,481,39,256,1
33,3107,113,1,58,hab,53,5,107,6
33,2776,380,27,1,hab,1,0,2,378
33,2054,249,9,275,osm,237,38,247,2
33,2411,357,12,303,hab,281,22,344,13
33,2385,251,1,1,hab,1,0,4,247
33,2116,408,16,725,osm,653,72,385,23
33,1251,173,8,148,hab,148,0,160,13
33,3670,312,23,1,hab,1,0,5,307
33,1893,368,23,0,hab,0,0,0,368
33,5434,310,17,1,hab,1,0,6,304
33,5397,401,13,1,hab,1,0,6,395
33,4926,683,16,5,hab,5,0,27,656
33,1633,409,25,2,hab,2,0,16,393
33,1494,98,6,51,hab,46,5,61,37
33,493,284,3,0,hab,0,0,0,284
33,2613,109,0,1,hab,1,0,1,108
33,5682,541,1,264,hab,261,3,532,9
33,966,413,43,314,hab,293,21,388,25
33,3002,278,67,153,hab,149,4,231,47
33,4428,461,107,0,hab,0,0,0,461
33,4776,293,19,0,hab,0,0,0,293
33,5071,635,31,3,hab,2,1,13,622
33,5160,573,19,15,hab,15,0,26,547
33,3817,188,20,0,hab,0,0,0,188
33,5381,141,6,24,hab,24,0,40,101
33,341,131,20,0,hab,0,0,0,131
33,1195,220,22,0,hab,0,0,0,220
33,1347,355,21,42,hab,33,9,38,317
33,2391,103,1,6,hab,6,0,7,96
33,5927,217,73,1,hab,1,0,13,204
33,5621,157,11,1,hab,1,0,2,155
33,4427,124,10,61,hab,41,20,41,83
33,559,194,13,125,hab,122,3,174,20
33,6215,75,9,0,hab,0,0,0,75
33,2345,235,12,0,hab,0,0,0,235
33,1939,270,8,13,hab,13,0,18,252
33,5836,47,3,2,hab,1,1,1,46
33,5566,105,11,52,hab,47,5,52,53
33,1065,91,14,15,hab,14,1,20,71
33,1431,114,2,43,hab,41,2,54,60
33,5307,492,58,387,hab,368,19,481,11
33,5203,231,71,154,hab,154,0,187,44
33,1892,340,14,561,osm,484,77,336,4
33,3029,306,8,3,hab,3,0,19,287
33,1771,305,11,1,hab,1,0,7,298
33,527,260,25,1,hab,1,0,1,259
33,365,144,0,108,hab,104,4,118,26
33,2130,125,14,0,hab,0,0,0,125
33,5171,389,78,210,hab,203,7,326,63
33,4648,713,29,310,hab,308,2,705,8
33,4241,280,20,207,hab,202,5,267,13
33,3524,615,38,321,hab,318,3,593,22
33,2995,48,0,41,hab,41,0,45,3
33,5255,239,96,3,hab,2,1,5,234
33,3851,161,48,2,hab,0,2,0,161
33,2312,97,10,18,hab,18,0,19,78
33,2825,686,52,18,hab,18,0,60,626
33,3632,179,20,66,hab,33,33,26,153
33,2770,322,7,2,hab,2,0,11,311
33,399,487,19,0,hab,0,0,0,487
33,2913,155,24,135,osm,124,11,130,25
33,66,182,21,162,osm,153,9,167,15
33,1752,209,39,147,hab,136,11,183,26
33,908,65,1,41,hab,32,9,52,13
33,5622,178,19,45,hab,43,2,49,129
33,4749,275,20,1,hab,1,0,3,272
33,5414,98,8,5,hab,5,0,8,90
33,4770,193,17,1,hab,1,0,6,187
33,3014,445,73,0,hab,0,0,0,445
33,3765,194,19,47,hab,46,1,80,114
33,817,304,32,37,hab,35,2,63,241
33,702,369,49,0,hab,0,0,0,369
33,1557,185,7,116,hab,116,0,185,0
33,1785,522,27,133,hab,132,1,341,181
33,224,349,93,0,hab,0,0,0,349
33,3613,246,1,2,hab,2,0,7,239
33,260,158,0,2,hab,2,0,2,156
33,121,214,42,1,hab,1,0,3,211
33,5688,306,19,189,hab,180,9,300,6
33,45,211,12,0,hab,0,0,0,211
33,4975,274,6,1,hab,1,0,3,271
33,4562,316,46,1,hab,1,0,1,315
33,3530,287,13,4,hab,4,0,13,274
33,5286,245,23,2,hab,1,1,1,244
33,4294,283,9,1,hab,1,0,2,281
33,3728,191,51,1,hab,1,0,2,189
33,325,198,27,1,hab,1,0,7,191
33,85,303,1,1,hab,0,1,0,303
33,3600,284,69,1,hab,1,0,5,279
33,3593,219,16,0,hab,0,0,0,219
33,2598,179,18,1,hab,1,0,3,176
33,433,438,44,2,hab,2,0,10,428
33,3785,58,1,12,hab,11,1,11,47
33,4578,274,49,219,hab,216,3,234,40
33,3869,353,12,1,hab,1,0,4,349
33,3249,266,8,1,hab,1,0,1,265
33,865,323,12,8,hab,8,0,13,310
33,1682,520,64,1,hab,1,0,14,506
33,1516,149,17,1,hab,1,0,4,145
33,159,192,12,1,hab,1,0,5,187
33,52,210,4,2,hab,0,2,0,210
33,5113,593,18,1,hab,1,0,18,575
33,2178,230,15,0,hab,0,0,0,230
33,620,226,11,0,hab,0,0,0,226
33,351,227,6,2,hab,2,0,9,218
33,4050,159,8,6,hab,2,4,2,157
33,3484,230,45,4,hab,4,0,18,212
33,3310,237,1,2,hab,2,0,12,225
33,6200,548,2,1,hab,1,0,9,539
33,5344,356,46,1,hab,1,0,6,350
33,5871,275,29,1,hab,1,0,4,271
33,739,356,5,1,hab,1,0,1,355
33,645,554,11,15,hab,15,0,81,473
33,5796,292,4,1,hab,1,0,3,289
33,3279,214,3,1,hab,1,0,3,211
33,4088,150,10,84,hab,80,4,99,51
33,3125,316,53,2,hab,2,0,24,292
33,3883,718,62,0,hab,0,0,0,718
33,1634,160,6,137,hab,127,10,156,4
33,940,217,61,156,hab,153,3,159,58
33,2443,98,6,83,hab,70,13,76,22
33,3398,374,29,0,hab,0,0,0,374
33,385,53,6,46,hab,43,3,47,6
33,3000,280,16,0,hab,0,0,0,280
33,5777,390,6,20,hab,19,1,32,358
33,943,271,13,1,hab,1,0,1,270
33,2283,825,0,443,hab,435,8,821,4
33,2165,546,0,310,hab,297,13,522,24
33,2520,205,113,71,hab,60,11,109,96
33,3535,384,65,0,hab,0,0,0,384
33,4219,255,17,17,hab,12,5,33,222
33,4531,130,7,102,hab,97,5,108,22
33,5317,334,23,46,hab,43,3,85,249
33,1945,401,25,502,osm,427,75,361,40
33,313,167,32,22,hab,22,0,22,145
33,1473,158,10,2,hab,2,0,2,156
33,2553,192,39,122,hab,109,13,145,47
33,5821,222,7,0,hab,0,0,0,222
33,5205,225,32,0,hab,0,0,0,225
33,2369,114,16,86,hab,79,7,89,25
33,1188,102,12,66,hab,57,9,69,33
33,1449,327,22,16,hab,15,1,25,302
33,3555,345,10,0,hab,0,0,0,345
33,5295,144,3,1,hab,1,0,2,142
33,6232,381,61,2,hab,2,0,10,371
33,2481,117,0,83,hab,77,6,85,32
33,4587,308,2,1,hab,1,0,1,307
33,4296,396,25,6,hab,4,2,11,385
33,7046,183,48,1,hab,1,0,2,181
33,911,422,27,12,hab,12,0,55,367
33,3956,139,4,0,hab,0,0,0,139
33,3731,419,11,0,hab,0,0,0,419
33,1479,250,6,0,hab,0,0,0,250
33,7033,173,37,121,hab,104,17,130,43
33,3494,79,43,0,hab,0,0,0,79
33,7043,146,1,177,osm,161,16,145,1
33,3871,320,46,218,hab,195,23,274,46
33,5604,379,71,3,hab,3,0,10,369
33,3111,110,5,0,hab,0,0,0,110
33,5012,289,14,24,hab,23,1,46,243
33,574,218,16,149,hab,141,8,189,29
33,1501,181,23,6,hab,6,0,11,170
33,109,321,14,320,osm,298,22,320,1
33,5886,329,59,4,hab,3,1,20,309
33,612,231,26,0,hab,0,0,0,231
33,334,289,28,169,hab,143,26,262,27
33,557,452,3,1,hab,1,0,4,448
33,5132,232,13,85,hab,84,1,158,74
33,4138,72,3,36,hab,35,1,43,29
33,5950,134,0,1,hab,1,0,1,133
33,3709,167,13,71,hab,65,6,106,61
33,2026,180,3,39,hab,38,1,75,105
33,1759,116,1,61,hab,60,1,73,43
33,4470,294,4,10,hab,4,6,22,272
33,6231,194,1,1,hab,1,0,1,193
33,3915,219,0,2,hab,2,0,11,208
33,5427,212,18,10,hab,10,0,13,199
33,2502,249,24,2,hab,2,0,3,246
33,3934,301,24,2,hab,2,0,3,298
33,1553,182,13,123,hab,115,8,151,31
33,5266,236,8,1,hab,1,0,16,220
33,5098,645,60,2,hab,1,1,9,636
33,5412,54,1,35,hab,34,1,34,20
33,5114,47,0,25,hab,24,1,32,15
33,5003,55,0,1,hab,1,0,1,54
33,4567,80,2,0,hab,0,0,0,80
33,3810,25,0,26,osm,18,8,18,7
33,3459,51,1,1,hab,0,1,0,51
33,1469,57,1,21,hab,21,0,25,32
33,3561,262,13,153,hab,150,3,231,31
33,2859,154,2,0,hab,0,0,0,154
33,1252,553,2,404,hab,372,32,549,4
33,5971,135,3,136,osm,121,15,131,4
33,3987,134,6,133,osm,125,8,129,5
33,3918,85,13,71,hab,64,7,72,13
33,1642,153,4,157,osm,149,8,147,6
33,762,173,16,128,hab,126,2,165,8
33,5248,42,0,47,osm,41,6,42,0
33,4869,78,4,96,osm,68,28,67,11
33,4032,60,12,43,hab,34,9,37,23
33,3926,68,7,67,osm,51,16,60,8
33,2982,117,8,98,hab,95,3,104,13
33,1191,75,12,61,hab,55,6,58,17
33,1058,68,23,44,hab,42,2,43,25
33,4864,432,90,6,hab,3,3,6,426
33,3722,184,9,8,hab,8,0,19,165
33,3357,125,9,0,hab,0,0,0,125
33,975,138,3,13,hab,13,0,12,126
33,952,170,3,10,hab,10,0,14,156
33,609,142,9,13,hab,13,0,18,124
33,114,192,5,1,hab,1,0,1,191
33,5581,585,46,1,hab,1,0,6,579
33,5354,248,12,1,hab,1,0,1,247
33,5230,205,27,1,hab,1,0,3,202
33,5066,180,5,1,hab,1,0,1,179
33,4636,155,6,1,hab,1,0,7,148
33,3645,187,6,0,hab,0,0,0,187
33,1649,270,1,1,hab,1,0,11,259
33,1588,128,8,2,hab,0,2,0,128
33,3359,160,16,1,hab,1,0,4,156
33,3253,172,7,8,hab,8,0,11,161
33,1085,209,10,1,hab,1,0,3,206
33,2607,125,1,27,hab,22,5,26,99
33,915,167,7,15,hab,12,3,9,158
33,335,150,4,0,hab,0,0,0,150
33,272,163,2,0,hab,0,0,0,163
33,6216,415,18,2,hab,2,0,17,398
33,5556,185,5,0,hab,0,0,0,185
33,5305,453,20,0,hab,0,0,0,453
33,5914,119,0,131,osm,115,16,116,3
33,5181,146,9,0,hab,0,0,0,146
33,3540,350,49,0,hab,0,0,0,350
33,3363,318,18,1,hab,1,0,7,311
33,2336,243,23,1,hab,1,0,9,234
33,2142,268,27,1,hab,1,0,5,263
33,1405,419,15,0,hab,0,0,0,419
33,1992,249,2,224,hab,212,12,244,5
33,1258,295,18,1,hab,1,0,5,290
33,348,183,8,0,hab,0,0,0,183
33,123,290,17,1,hab,0,1,0,290
33,5504,219,5,44,hab,44,0,58,161
33,5268,163,10,11,hab,11,0,15,148
33,3857,249,7,1,hab,1,0,3,246
33,1139,163,9,4,hab,3,1,7,156
33,1160,141,5,146,osm,132,14,137,4
33,5422,166,25,23,hab,22,1,39,127
33,5236,146,7,4,hab,4,0,7,139
33,5064,96,6,44,hab,42,2,55,41
33,4891,174,35,12,hab,11,1,15,159
33,4131,93,9,35,hab,32,3,34,59
33,4105,144,8,10,hab,10,0,10,134
33,298,147,3,139,hab,135,4,143,4
33,4055,99,9,74,hab,68,6,79,20
33,4031,218,13,63,hab,58,5,87,131
33,1855,179,0,28,hab,28,0,31,148
33,453,135,16,31,hab,29,2,40,95
33,7034,164,25,126,hab,115,11,135,29
33,5534,295,24,191,hab,189,2,272,23
33,7032,127,11,100,hab,91,9,112,15
33,7035,182,86,71,hab,63,8,83,99
33,7036,127,34,91,hab,77,14,92,35
33,7037,135,46,92,osm,72,20,91,44
33,7038,124,16,93,hab,90,3,110,14
33,7031,195,32,196,osm,123,73,146,49
33,830,150,0,0,hab,0,0,0,150
33,1391,136,0,4,hab,4,0,5,131
33,2380,250,28,2,hab,2,0,3,247
33,2461,153,1,2,hab,2,0,4,149
33,2738,108,28,0,hab,0,0,0,108
33,2845,102,0,7,hab,5,2,8,94
33,5649,154,1,1,hab,1,0,1,153
33,3031,87,0,1,hab,0,1,0,87
33,3867,65,0,1,hab,1,0,1,64
33,4297,138,1,11,hab,10,1,14,124
33,4819,148,0,1,hab,1,0,1,147
33,6087,120,0,1,hab,1,0,2,118
33,2953,186,10,168,hab,145,23,172,14
33,7042,81,8,78,osm,69,9,70,11
33,7039,48,8,38,hab,35,3,36,12
33,7041,66,5,67,osm,54,13,60,6
33,2370,181,16,128,hab,124,4,157,24
33,7040,59,2,55,hab,51,4,54,5
33,2346,145,1,98,hab,98,0,137,8
33,2432,620,20,379,hab,371,8,611,9
33,1955,570,31,323,hab,313,10,555,15
33,598,192,1,161,hab,152,9,189,3
33,802,291,17,190,hab,190,0,275,16
33,1696,439,80,274,hab,267,7,344,95
33,2325,275,10,194,hab,187,7,257,18
33,63,95,8,71,hab,70,1,86,9
33,14,103,1,106,osm,100,6,102,1
33,3227,386,26,265,hab,202,63,361,25
33,4230,372,111,227,hab,194,33,289,83
33,5068,109,2,21,hab,20,1,33,76
33,5586,249,28,163,hab,145,18,216,33
33,6235,425,98,193,hab,191,2,375,50
33,92,270,18,0,hab,0,0,0,270
33,692,427,74,1,hab,1,0,5,422
33,991,515,43,0,hab,0,0,0,515
33,1996,391,49,0,hab,0,0,0,391
33,2144,302,60,1,hab,0,1,0,302
33,2818,431,76,0,hab,0,0,0,431
33,2916,327,31,0,hab,0,0,0,327
33,3326,245,50,1,hab,0,1,0,245
33,3463,370,24,0,hab,0,0,0,370
33,3537,233,22,1,hab,1,0,2,231
33,3868,325,47,1,hab,1,0,1,324
33,3529,109,0,4,hab,4,0,4,105
33,1518,165,21,1,hab,1,0,7,158
33,4575,349,31,0,hab,0,0,0,349
33,5291,415,10,0,hab,0,0,0,415
33,705,155,51,4,hab,4,0,10,145
33,2104,265,47,1,hab,1,0,6,259
33,723,144,10,2,hab,2,0,6,138
33,2931,344,25,6,hab,6,0,22,322
33,4641,200,88,0,hab,0,0,0,200
33,1681,142,11,4,hab,1,3,1,141
33,5176,366,23,201,hab,102,99,99,267
33,4038,264,20,9,hab,5,4,7,257
33,4085,203,13,43,hab,40,3,47,156
33,755,207,14,0,hab,0,0,0,207
33,2094,207,39,0,hab,0,0,0,207
33,5283,373,24,20,hab,16,4,60,313
33,4326,229,4,67,hab,67,0,130,99
33,317,216,18,1,hab,1,0,3,213
33,6945,76,5,5,hab,2,3,3,73
33,5804,104,1,8,hab,7,1,4,100
33,2562,132,5,2,hab,2,0,2,130
33,3027,111,12,82,hab,70,12,77,34
33,5117,64,1,18,hab,17,1,18,46
33,3277,94,0,2,hab,2,0,3,91
33,1975,84,6,10,hab,7,3,9,75
33,2493,83,7,0,hab,0,0,0,83
33,31,67,7,3,hab,3,0,4,63
33,333,52,6,8,hab,8,0,9,43
33,2059,62,11,1,hab,1,0,1,61
33,1402,138,3,4,hab,4,0,4,134
33,5262,191,14,1,hab,1,0,5,186
33,2860,228,68,0,hab,0,0,0,228
33,1769,105,10,0,hab,0,0,0,105
33,3056,103,31,2,hab,1,1,2,101
33,3542,249,0,171,hab,155,16,233,16
33,2453,109,0,87,hab,83,4,98,11
33,3870,265,18,198,hab,192,6,260,5
33,6246,291,52,206,hab,195,11,270,21
33,340,203,0,144,hab,122,22,158,45
33,5585,108,5,2,hab,2,0,11,97
33,4503,128,31,1,hab,1,0,3,125
33,4253,156,11,2,hab,2,0,5,151
33,731,74,29,2,hab,1,1,2,72
33,706,70,13,0,hab,0,0,0,70
33,536,110,1,1,hab,1,0,4,106
33,420,80,7,2,hab,2,0,8,72
33,6381,944,17,430,hab,427,3,944,0
33,5941,907,137,372,hab,368,4,858,49
33,2813,194,21,1,hab,1,0,5,189
33,4750,54,0,48,hab,48,0,51,3
33,576,57,0,43,hab,43,0,53,4
33,1255,28,0,27,hab,26,1,27,1
33,955,64,0,65,osm,62,3,63,1
33,6433,94,13,2,hab,1,1,1,93
33,6188,213,24,2,hab,2,0,6,207
33,835,136,9,1,hab,0,1,0,136
33,750,70,11,9,hab,8,1,11,59
33,4003,79,5,57,hab,52,5,70,9
33,3438,65,0,31,hab,26,5,35,30
33,989,117,16,42,hab,33,9,41,76
33,6354,153,0,24,hab,22,2,28,125
33,2925,212,0,0,hab,0,0,0,212
33,2187,280,0,1,hab,1,0,3,277
33,2184,217,1,0,hab,0,0,0,217
33,1601,138,0,38,hab,38,0,48,90
33,1535,136,0,2,hab,2,0,9,127
33,864,233,0,1,hab,1,0,4,229
33,410,101,0,5,hab,3,2,3,98
33,3783,230,6,232,osm,214,18,221,9
33,5857,292,10,13,hab,13,0,32,260
33,5270,229,33,1,hab,1,0,4,225
33,2394,231,1,58,hab,49,9,58,173
33,2368,307,14,2,hab,2,0,10,297
33,3541,126,0,6,hab,5,1,7,119
33,2376,242,12,2,hab,2,0,3,239
33,965,173,4,6,hab,6,0,8,165
33,5044,327,11,24,hab,10,14,47,280
33,552,201,5,2,hab,2,0,5,196
33,4737,299,5,156,hab,138,18,192,107
33,4097,301,129,24,hab,23,1,57,244
33,3884,269,38,1,hab,1,0,4,265
33,933,301,10,11,hab,11,0,23,278
33,689,273,16,1,hab,1,0,6,267
33,5788,254,78,0,hab,0,0,0,254
33,1780,354,46,4,hab,4,0,20,334
33,4284,267,0,26,hab,21,5,29,238
33,7049,157,51,2,hab,2,0,5,152
33,7047,210,62,8,hab,8,0,13,197
33,1199,329,20,0,hab,0,0,0,329
33,949,351,28,2,hab,2,0,14,337
33,862,368,15,1,hab,1,0,3,365
33,3583,214,21,1,hab,0,1,0,214
33,5450,269,35,1,hab,1,0,3,266
33,2732,269,8,0,hab,0,0,0,269
33,1272,366,3,0,hab,0,0,0,366
33,2382,236,4,0,hab,0,0,0,236
33,350,202,0,114,hab,84,30,170,32
33,343,256,5,142,hab,131,11,217,39
33,5783,250,12,0,hab,0,0,0,250
33,5013,277,9,0,hab,0,0,0,277
33,3997,154,2,1,hab,0,1,0,154
33,3521,291,20,0,hab,0,0,0,291
33,3457,176,3,2,hab,2,0,3,173
30,1858,153,0,21,hab,13,8,18,135
30,5194,82,0,1,hab,1,0,7,75
30,1362,33,0,33,hab,10,23,8,25
30,4441,83,0,17,hab,14,3,27,56
30,2093,155,0,12,hab,9,3,30,125
30,5746,142,0,9,hab,7,2,20,122
30,5128,95,0,1,hab,1,0,1,94
30,4123,175,0,8,hab,7,1,13,162
30,3666,127,0,13,hab,12,1,26,101
35,5074,91,0,2,hab,2,0,5,86
35,3825,72,2,1,hab,1,0,2,70
35,2638,114,0,1,hab,1,0,4,110
35,4171,425,0,4,hab,4,0,18,407
35,1462,157,0,1,hab,1,0,3,154
35,3318,224,0,1,hab,1,0,8,216
35,4099,145,0,2,hab,2,0,6,139
35,1435,178,0,1,hab,1,0,6,172
35,2897,492,1,7,hab,7,0,16,476
35,3797,141,0,0,hab,0,0,0,141
35,2966,215,0,1,hab,1,0,2,213
35,5820,102,0,1,hab,1,0,1,101
35,724,280,1,0,hab,0,0,0,280
35,5091,169,0,1,hab,1,0,1,168
35,7143,80,0,1,hab,1,0,1,79
35,4758,184,0,1,hab,1,0,5,179
35,7138,127,0,2,hab,2,0,5,122
35,1476,456,0,2,hab,2,0,8,448
35,1442,232,0,11,hab,5,6,11,221
35,2985,148,1,3,hab,3,0,9,139
35,5911,273,0,1,hab,1,0,4,269
35,2285,207,0,1,hab,1,0,9,198
35,3199,188,0,2,hab,2,0,9,179
35,2759,363,0,11,hab,11,0,29,334
35,7587,213,0,1,hab,1,0,2,211
35,5819,163,0,0,hab,0,0,0,163
35,4133,113,0,7,hab,6,1,9,104
35,1887,89,0,8,hab,8,0,23,66
35,7589,302,0,1,hab,1,0,2,300
35,2967,300,1,2,hab,2,0,7,293
35,4935,208,0,0,hab,0,0,0,208
35,1869,284,0,7,hab,5,2,16,268
35,2986,116,0,3,hab,3,0,6,110
35,3200,91,0,6,hab,6,0,18,73
35,486,157,0,1,hab,1,0,2,155
35,5227,250,0,1,hab,1,0,6,244
35,3798,161,1,1,hab,1,0,5,156
35,698,114,0,0,hab,0,0,0,114
35,7593,306,0,7,hab,7,0,16,290
35,1436,141,0,1,hab,1,0,2,139
35,7590,262,0,2,hab,2,0,9,253
35,2639,100,0,5,hab,3,2,13,87
35,3853,219,0,40,hab,38,2,63,156
35,1142,185,0,1,hab,1,0,4,181
35,3019,126,0,2,hab,2,0,4,122
35,1806,172,0,4,hab,4,0,13,159
35,4005,91,0,0,hab,0,0,0,91
35,5387,112,0,1,hab,1,0,4,108
35,1482,195,0,1,hab,1,0,6,189
35,249,95,0,2,hab,2,0,3,92
35,390,138,0,1,hab,1,0,2,136
35,2097,178,0,3,hab,2,1,11,167
35,5296,367,0,42,hab,38,4,79,288
35,3680,248,0,1,hab,1,0,12,236
35,6383,161,0,0,hab,0,0,0,161
35,4110,187,1,1,hab,1,0,2,185
35,4382,288,0,0,hab,0,0,0,288
35,143,131,0,4,hab,4,0,8,123
35,1960,298,0,2,hab,2,0,3,295
35,374,232,0,1,hab,1,0,7,225
35,2098,124,0,2,hab,2,0,11,113
35,4970,73,0,0,hab,0,0,0,73
35,367,112,0,3,hab,2,1,5,107
35,7144,87,0,1,hab,1,0,1,86
35,1926,140,0,1,hab,0,1,0,140
35,643,99,0,0,hab,0,0,0,99
35,572,187,0,2,hab,2,0,12,175
35,7586,511,0,3,hab,3,0,11,500
35,5939,110,0,0,hab,0,0,0,110
35,642,131,0,1,hab,1,0,5,126
35,4527,250,0,0,hab,0,0,0,250
35,7139,218,0,1,hab,1,0,9,209
35,571,158,0,0,hab,0,0,0,158
35,4877,105,2,3,hab,3,0,5,100
35,2159,164,0,1,hab,1,0,8,156
35,2893,188,0,1,hab,1,0,4,184
35,4111,65,0,1,hab,1,0,3,62
35,619,88,0,7,hab,3,4,10,78
35,2179,121,0,1,hab,1,0,3,118
35,618,59,0,10,hab,4,6,11,48
35,4615,217,0,1,hab,1,0,4,213
35,1026,213,0,3,hab,3,0,11,202
35,4158,167,1,2,hab,2,0,4,163
35,2220,98,0,1,hab,1,0,3,95
35,3859,117,0,1,hab,1,0,3,114
35,5940,81,0,2,hab,2,0,7,74
35,5339,98,0,1,hab,1,0,2,96
35,5340,96,0,1,hab,1,0,2,94
35,5834,159,0,4,hab,4,0,12,147
35,441,90,0,0,hab,0,0,0,90
35,624,195,0,0,hab,0,0,0,195
35,1660,104,0,0,hab,0,0,0,104
35,4990,143,0,1,hab,1,0,2,141
35,4854,99,0,5,hab,5,0,8,91
35,763,132,0,0,hab,0,0,0,132
35,5244,150,0,1,hab,1,0,1,149
35,632,296,0,19,hab,18,1,66,230
35,5069,210,0,1,hab,1,0,3,207
35,2300,131,0,1,hab,1,0,2,129
35,796,177,0,1,hab,1,0,5,172
35,797,103,1,0,hab,0,0,0,103
35,774,195,1,2,hab,2,0,8,187
35,984,131,0,2,hab,2,0,10,121
35,985,197,0,1,hab,1,0,7,190
35,5070,133,0,0,hab,0,0,0,133
35,1056,146,0,1,hab,1,0,7,139
35,1055,61,1,0,hab,0,0,0,61
35,1094,144,1,2,hab,2,0,8,136
35,2476,139,1,1,hab,1,0,1,138
35,1095,159,0,1,hab,1,0,2,157
35,1624,148,0,0,hab,0,0,0,148
35,5124,202,0,6,hab,6,0,15,187
35,5277,270,0,1,hab,1,0,5,265
35,1625,165,0,2,hab,2,0,9,156
35,1758,192,0,1,hab,1,0,3,189
35,2018,197,0,10,hab,9,1,20,177
35,1368,235,0,0,hab,0,0,0,235
35,3241,117,0,1,hab,1,0,2,115
35,2490,118,0,2,hab,1,1,1,117
35,1961,277,0,56,hab,54,2,113,164
35,7132,80,0,1,hab,1,0,1,79
35,1728,143,0,1,hab,0,1,0,143
35,2261,110,0,3,hab,3,0,3,107
35,3507,144,1,4,hab,3,1,3,141
35,479,310,0,8,hab,8,0,24,286
35,1461,168,0,1,hab,1,0,6,162
35,5888,148,0,0,hab,0,0,0,148
35,2207,115,0,1,hab,1,0,7,108
35,2402,337,0,0,hab,0,0,0,337
35,539,158,0,3,hab,3,0,9,149
35,4951,166,0,0,hab,0,0,0,166
35,4950,206,0,1,hab,1,0,3,203
35,764,68,0,1,hab,1,0,3,65
35,5642,204,0,1,hab,1,0,3,201
35,3508,161,0,2,hab,2,0,16,145
35,5722,187,0,0,hab,0,0,0,187
35,3800,235,0,1,hab,1,0,7,228
35,5724,127,0,0,hab,0,0,0,127
35,1760,96,0,1,hab,1,0,1,95
35,7146,141,0,1,hab,1,0,1,140
35,7140,133,0,2,hab,2,0,8,125
35,3649,180,0,1,hab,1,0,11,169
35,5869,146,0,7,hab,7,0,8,138
35,2811,196,0,0,hab,0,0,0,196
35,2631,186,0,1,hab,1,0,1,185
35,7136,94,0,1,hab,1,0,3,91
35,2524,200,0,5,hab,5,0,11,189
35,2318,277,0,1,hab,1,0,4,273
35,3892,99,0,1,hab,1,0,2,97
35,3766,178,0,1,hab,1,0,13,165
35,7133,206,0,1,hab,1,0,4,202
35,5967,95,0,0,hab,0,0,0,95
35,1729,127,0,2,hab,1,1,4,123
35,3767,154,0,1,hab,1,0,5,149
35,2360,106,0,1,hab,1,0,3,103
35,1847,194,0,0,hab,0,0,0,194
35,2973,179,0,3,hab,3,0,16,163
35,7135,138,0,0,hab,0,0,0,138
35,4124,120,0,3,hab,2,1,8,112
35,7591,448,0,2,hab,2,0,11,437
35,3770,89,0,1,hab,1,0,3,86
35,4257,107,0,3,hab,3,0,3,104
35,4728,216,0,2,hab,2,0,5,211
35,7065,252,0,1,hab,1,0,1,251
35,3628,212,0,1,hab,1,0,2,210
35,1159,166,0,1,hab,1,0,14,152
35,2154,153,0,3,hab,3,0,6,147
35,7069,153,0,3,hab,2,1,9,144
35,1371,293,0,0,hab,0,0,0,293
35,4599,151,0,1,hab,1,0,7,144
35,5075,173,0,0,hab,0,0,0,173
35,806,109,0,1,hab,1,0,4,105
35,2489,129,0,6,hab,6,0,9,120
35,2211,78,0,1,hab,1,0,4,74
35,3629,124,0,1,hab,1,0,2,122
35,699,105,0,1,hab,1,0,6,99
35,3243,218,0,4,hab,4,0,12,206
35,530,137,0,3,hab,3,0,11,126
35,1081,200,0,1,hab,1,0,2,198
35,2148,138,0,0,hab,0,0,0,138
35,7141,161,0,1,hab,1,0,6,155
35,1372,436,0,1,hab,1,0,7,429
35,4282,113,0,1,hab,1,0,2,111
35,5085,89,0,3,hab,2,1,5,84
35,7066,158,0,1,hab,1,0,5,153
35,4600,155,0,1,hab,1,0,5,150
35,1350,278,0,2,hab,2,0,12,266
35,2390,117,0,1,hab,1,0,5,112
35,1643,288,0,1,hab,1,0,5,283
35,4540,119,0,2,hab,2,0,5,114
35,2704,133,0,1,hab,1,0,2,131
35,1644,158,0,1,hab,1,0,3,155
35,2971,177,0,1,hab,1,0,5,172
35,3364,126,0,0,hab,0,0,0,126
35,2313,423,0,3,hab,3,0,17,406
35,4918,125,0,0,hab,0,0,0,125
35,4041,135,0,1,hab,1,0,2,133
35,7148,128,0,0,hab,0,0,0,128
35,531,146,0,2,hab,2,0,5,141
35,7592,410,0,3,hab,3,0,13,397
35,4917,94,0,2,hab,2,0,6,88
35,7067,116,0,24,hab,20,4,31,85
35,2113,89,0,1,hab,1,0,6,83
35,3759,138,0,0,hab,0,0,0,138
35,3303,229,0,1,hab,1,0,3,226
35,5097,55,0,1,hab,1,0,2,53
35,7068,275,0,1,hab,1,0,6,269
35,3760,187,0,1,hab,1,0,2,185
35,5054,151,0,1,hab,1,0,5,146
35,7149,135,0,2,hab,2,0,8,127
35,7154,165,1,4,hab,4,0,4,161
35,4004,120,0,1,hab,1,0,6,114
35,1194,278,0,3,hab,3,0,7,271
35,4878,101,0,0,hab,0,0,0,101
35,1870,255,0,2,hab,2,0,8,247
35,3826,78,0,4,hab,2,2,4,74
35,5690,77,0,1,hab,1,0,2,75
35,4921,80,0,0,hab,0,0,0,80
35,7153,167,4,1,hab,1,0,5,162
35,4922,89,0,1,hab,1,0,1,88
35,5691,183,0,0,hab,0,0,0,183
35,807,74,0,0,hab,0,0,0,74
35,1871,189,0,3,hab,2,1,3,186
35,7134,149,0,8,hab,8,0,17,132
35,5389,92,0,1,hab,1,0,1,91
35,5055,141,0,2,hab,2,0,7,134
35,7152,133,0,4,hab,4,0,15,118
35,6142,205,0,1,hab,0,1,0,205
35,1841,156,0,14,hab,13,1,11,145
35,2629,280,1,1,hab,1,0,14,266
35,6143,173,0,2,hab,2,0,4,169
35,773,160,3,1,hab,1,0,4,156
35,7151,130,0,0,hab,0,0,0,130
35,1621,250,0,4,hab,4,0,7,243
35,7150,102,0,1,hab,1,0,3,99
35,2297,198,0,18,hab,18,0,29,169
35,7125,135,0,1,hab,1,0,4,131
35,7129,68,0,1,hab,1,0,4,64
35,7585,27,0,1,hab,0,1,0,27
35,7131,76,0,2,hab,2,0,6,70
35,3579,290,0,96,hab,81,15,173,117
35,469,238,0,0,hab,0,0,0,238
35,553,198,0,2,hab,2,0,2,196
35,606,185,0,3,hab,3,0,7,178
35,1069,131,0,1,hab,1,0,1,130
35,3769,142,0,2,hab,2,0,8,134
35,1157,116,1,1,hab,1,0,1,115
35,1659,512,0,0,hab,0,0,0,512
35,3795,295,0,1,hab,1,0,3,292
35,5245,191,0,3,hab,3,0,6,185
35,4079,121,0,1,hab,1,0,2,119
35,5308,145,0,0,hab,0,0,0,145
35,2112,34,0,2,hab,1,1,1,33
35,2335,344,0,1,hab,1,0,13,331
35,5377,432,0,1,hab,1,0,28,404
35,165,419,0,1,hab,1,0,10,409
35,2993,42,0,1,hab,1,0,1,41
35,4977,414,0,3,hab,3,0,9,405
35,7137,96,0,1,hab,1,0,2,94
35,2994,96,1,1,hab,1,0,1,95
35,166,336,0,1,hab,1,0,15,321
35,3184,171,3,0,hab,0,0,0,171
35,4387,291,1,15,hab,15,0,24,267
35,7142,78,0,1,hab,1,0,2,76
35,3533,91,0,5,hab,4,1,11,80
35,7145,74,0,1,hab,1,0,2,72
35,5830,76,0,1,hab,1,0,5,71
35,391,271,0,0,hab,0,0,0,271
35,7588,197,0,1,hab,1,0,3,194
35,3943,104,0,1,hab,1,0,4,100
35,392,233,0,1,hab,1,0,11,222
35,4499,368,0,1,hab,1,0,25,343
35,2475,214,0,0,hab,0,0,0,214
35,4144,111,0,1,hab,1,0,1,110
35,2593,94,0,2,hab,2,0,4,90
35,3290,112,0,5,hab,5,0,15,97
35,5599,308,0,1,hab,1,0,11,297
35,4145,41,0,1,hab,1,0,1,40
35,3864,46,0,1,hab,0,1,0,46
35,5600,172,0,1,hab,1,0,4,168
35,1019,201,0,6,hab,6,0,11,190
35,7155,162,0,1,hab,1,0,3,159
35,3240,203,0,1,hab,1,0,5,198
35,6177,288,0,1,hab,1,0,10,278
35,4528,150,0,0,hab,0,0,0,150
35,4630,160,1,1,hab,1,0,1,159
35,1369,187,0,3,hab,3,0,13,174
35,5261,121,0,1,hab,1,0,4,117
35,5829,84,0,4,hab,3,1,8,76
35,6195,299,0,0,hab,0,0,0,299
35,1162,126,1,1,hab,0,1,0,126
35,1370,174,0,1,hab,1,0,3,171
35,1680,225,0,0,hab,0,0,0,225
35,1163,123,0,0,hab,0,0,0,123
35,7126,123,0,1,hab,1,0,3,120
35,7128,100,0,1,hab,1,0,2,98
35,6196,269,0,1,hab,1,0,17,252
35,7070,239,0,0,hab,0,0,0,239
35,220,242,0,0,hab,0,0,0,242
35,3944,144,0,1,hab,1,0,1,143
35,4345,90,0,1,hab,1,0,5,85
35,5096,107,0,1,hab,1,0,4,103
35,1143,91,0,12,hab,10,2,14,77
35,7124,63,0,0,hab,0,0,0,63
35,7127,57,0,0,hab,0,0,0,57
35,435,197,1,1,hab,1,0,7,190
35,1158,116,0,3,hab,3,0,9,107
35,1558,255,0,1,hab,0,1,0,255
35,1969,142,0,1,hab,1,0,4,138
35,1970,150,0,2,hab,2,0,7,143
35,2153,224,1,1,hab,1,0,6,218
35,2440,176,0,2,hab,2,0,8,168
35,2944,185,0,1,hab,1,0,2,183
35,2945,122,0,0,hab,0,0,0,122
35,4514,217,0,0,hab,0,0,0,217
35,1742,112,0,1,hab,1,0,3,109
35,1901,379,0,4,hab,4,0,12,367
35,4794,243,2,1,hab,1,0,1,242
35,4875,131,0,1,hab,1,0,4,127
35,2096,199,0,1,hab,1,0,1,198
35,5660,219,0,0,hab,0,0,0,219
35,5330,114,0,2,hab,2,0,9,105
35,2630,238,0,1,hab,1,0,9,229
35,2156,302,0,45,hab,45,0,111,191
35,5125,129,0,2,hab,2,0,7,122
35,2155,191,1,11,hab,11,0,20,171
35,2474,167,0,0,hab,0,0,0,167
35,1116,200,0,1,hab,1,0,6,194
35,1184,105,0,0,hab,0,0,0,105
35,2628,131,0,0,hab,0,0,0,131
35,2126,148,0,3,hab,3,0,9,139
35,2150,124,1,23,hab,22,1,35,89
35,2780,115,0,0,hab,0,0,0,115
35,2781,120,0,1,hab,1,0,6,114
35,1304,68,0,0,hab,0,0,0,68
35,3198,84,0,2,hab,2,0,6,78
35,5917,140,0,1,hab,1,0,9,131
35,2634,167,0,2,hab,2,0,4,163
35,5492,61,0,1,hab,1,0,6,55
35,5831,109,0,1,hab,1,0,13,96
35,4040,35,0,3,hab,3,0,3,32
22,3460,68,17,5,hab,5,0,6,62
22,1363,210,12,37,hab,31,6,50,160
22,5883,38,1,7,hab,7,0,8,30
22,2683,51,8,4,hab,3,1,3,48
22,6061,96,14,7,hab,5,2,17,79
22,4356,56,0,13,hab,5,8,5,51
22,2820,30,4,7,hab,6,1,6,24
22,5279,172,25,3,hab,2,1,25,147
22,6133,61,9,13,hab,10,3,15,46
22,5273,225,91,1,hab,1,0,4,221
22,5884,50,3,9,hab,8,1,7,43
22,3719,88,5,9,hab,9,0,13,75
22,4533,20,0,3,hab,3,0,6,14
22,2713,139,20,0,hab,0,0,0,139
22,2290,83,11,4,hab,4,0,16,67
22,2289,86,7,8,hab,8,0,13,73
22,2288,99,30,3,hab,2,1,5,94
22,2287,58,13,3,hab,1,2,1,57
22,5655,62,3,26,hab,17,9,18,44
22,2514,72,0,3,hab,2,1,3,69
22,5332,92,24,2,hab,1,1,4,88
22,2208,123,32,5,hab,4,1,7,116
22,5956,95,17,26,hab,22,4,19,76
22,1152,100,25,10,hab,7,3,7,93
22,3904,62,9,9,hab,3,6,4,58
22,983,78,6,3,hab,3,0,22,56
22,4560,40,7,13,hab,10,3,11,29
22,2592,36,7,2,hab,1,1,2,34
22,1120,169,19,28,hab,28,0,53,116
22,1295,30,2,10,hab,10,0,10,20
22,6191,74,12,9,hab,9,0,11,63
22,4745,39,6,5,hab,4,1,4,35
22,4876,35,4,0,hab,0,0,0,35
22,5993,50,10,20,hab,19,1,18,32
3,4364,70,0,11,hab,11,0,25,45
3,3420,77,0,24,hab,20,4,29,48
3,7665,26,0,19,hab,14,5,16,10
3,7122,54,0,2,hab,1,1,2,52
3,3006,39,0,27,hab,20,7,27,12
3,3444,65,0,20,hab,13,7,10,55
3,7666,15,0,17,osm,13,4,11,4
3,7667,37,0,22,hab,20,2,21,16
3,1951,91,0,7,hab,7,0,15,76
3,7673,108,0,1,hab,1,0,14,94
3,195,61,0,22,hab,16,6,34,27
3,6488,176,0,4,hab,4,0,10,166
3,457,109,0,6,hab,4,2,18,91
3,5358,69,0,1,hab,1,0,5,64
3,1655,159,0,5,hab,5,0,19,140
3,7672,74,1,4,hab,4,0,6,68
3,3840,42,0,1,hab,1,0,7,35
3,1701,77,0,1,hab,0,1,0,77
3,483,93,0,43,hab,41,2,50,43
3,3013,63,0,45,hab,40,5,43,20
3,5207,31,0,6,hab,6,0,6,25
3,5702,48,0,8,hab,5,3,7,41
3,2203,192,0,146,hab,116,30,100,92
3,5241,144,0,5,hab,5,0,20,124
3,7674,78,0,8,hab,6,2,9,69
3,7676,27,0,8,hab,8,0,8,19
3,7677,24,0,4,hab,4,0,7,17
3,4044,69,0,50,hab,25,25,32,37
3,1416,118,0,13,hab,11,2,30,88
3,192,40,1,4,hab,3,1,4,36
3,7663,59,0,7,hab,4,3,13,46
3,7668,206,0,3,hab,3,0,7,199
3,1645,93,0,9,hab,5,4,8,85
3,3103,68,0,0,hab,0,0,0,68
3,98,22,0,4,hab,4,0,7,15
3,2197,80,0,55,hab,48,7,39,41
3,5489,35,1,15,hab,11,4,12,23
3,7675,153,0,4,hab,4,0,19,134
3,6487,213,0,1,hab,1,0,6,207
3,5415,38,0,5,hab,4,1,6,32
3,7123,118,0,5,hab,4,1,8,110
3,5873,106,0,13,hab,13,0,28,78
3,5186,166,0,7,hab,6,1,24,142
3,4130,32,0,17,hab,17,0,18,14
3,3402,19,0,16,hab,16,0,18,1
3,3964,57,1,17,hab,10,7,18,39
3,5936,89,0,5,hab,2,3,10,79
3,6409,52,0,3,hab,3,0,9,43
3,4771,36,0,19,hab,18,1,22,14
3,5965,64,0,5,hab,4,1,5,59
3,1441,26,0,0,hab,0,0,0,26
3,489,39,0,3,hab,3,0,6,33
3,605,41,0,4,hab,4,0,8,33
3,2258,56,0,2,hab,1,1,2,54
3,7678,43,0,9,hab,8,1,11,32
3,1412,41,0,8,hab,6,2,20,21
3,6160,42,0,25,hab,21,4,21,21
3,4588,27,0,1,hab,1,0,1,26
3,6473,7,0,2,hab,2,0,2,5
3,2478,11,0,3,hab,3,0,5,6
3,3732,18,0,5,hab,4,1,9,9
3,3801,18,0,9,hab,9,0,11,7
3,6065,73,0,16,hab,14,2,23,50
3,1214,52,0,17,hab,14,3,17,35
3,2609,60,0,7,hab,7,0,13,47
3,4054,37,0,2,hab,2,0,2,35
3,1749,34,0,34,hab,18,16,16,18
3,7669,32,0,4,hab,4,0,4,28
3,7670,26,0,5,hab,5,0,5,21
3,2910,88,0,29,hab,25,4,33,55
3,7664,72,0,11,hab,11,0,13,59
3,7662,52,0,8,hab,5,3,6,46
3,7671,46,2,4,hab,3,1,6,40
3,4128,77,1,26,hab,22,4,32,45
3,1175,72,1,32,hab,31,1,36,36
3,1033,73,0,3,hab,3,0,7,66
3,97,39,0,12,hab,12,0,14,25
3,1905,21,0,3,hab,3,0,5,16
36,6696,28,0,25,hab,25,0,26,2
36,7243,36,0,0,hab,0,0,0,36
36,7475,50,0,13,hab,13,0,16,34
36,7562,27,0,17,hab,17,0,20,7
36,6534,50,0,45,hab,45,0,49,1
36,7338,41,1,7,hab,6,1,16,25
36,7339,25,0,5,hab,5,0,7,18
36,7333,22,0,14,hab,14,0,18,4
36,7328,16,0,16,hab,16,0,16,0
36,7561,24,0,19,hab,19,0,20,4
36,7334,51,0,51,hab,48,3,49,2
36,6797,115,40,23,hab,22,1,36,79
36,7535,40,0,23,hab,22,1,31,9
36,6782,23,0,12,hab,12,0,17,6
36,6776,54,0,30,hab,29,1,37,17
36,6793,1,0,1,hab,1,0,1,0
36,7203,54,0,33,hab,33,0,37,17
36,6590,29,0,5,hab,5,0,5,24
36,7285,64,3,40,hab,40,0,60,4
36,7286,44,0,28,hab,28,0,37,7
36,6775,104,0,14,hab,11,3,64,40
36,7414,41,0,26,hab,22,4,34,7
36,7409,51,2,43,hab,42,1,46,5
36,7411,42,0,45,osm,43,2,42,0
36,6747,59,0,28,hab,28,0,30,29
36,6741,65,0,26,hab,26,0,31,34
36,7453,90,0,68,hab,67,1,68,22
36,7341,35,0,18,hab,18,0,29,6
36,7404,91,1,35,hab,35,0,61,30
36,6505,119,1,92,hab,91,1,112,7
36,6622,168,0,30,hab,30,0,86,82
36,6737,104,1,51,hab,51,0,63,41
36,7430,85,0,26,hab,25,1,23,62
36,7343,44,0,2,hab,2,0,2,42
36,7435,333,0,35,hab,35,0,324,9
36,7368,198,0,36,hab,32,4,180,18
36,7600,65,0,30,hab,28,2,28,37
36,7416,34,0,32,hab,29,3,33,1
36,6663,27,0,26,hab,26,0,27,0
36,7342,29,0,7,hab,7,0,7,22
36,7504,35,0,12,hab,12,0,10,25
36,7340,31,0,14,hab,13,1,18,13
36,7327,44,0,39,hab,38,1,38,6
36,7332,36,0,34,hab,34,0,36,0
36,7183,86,0,43,hab,42,1,80,6
36,7428,44,0,5,hab,5,0,5,39
36,7456,18,0,2,hab,2,0,2,16
36,7325,47,0,37,hab,37,0,38,9
36,7556,58,1,12,hab,12,0,20,38
36,6723,66,0,48,hab,48,0,55,11
36,6719,60,0,15,hab,14,1,14,46
36,7326,32,0,26,hab,26,0,28,4
36,7484,22,0,15,hab,15,0,16,6
36,6727,69,0,2,hab,2,0,3,66
36,7189,34,0,38,osm,37,1,33,1
36,7170,42,0,27,hab,25,2,34,8
36,6884,26,0,25,hab,24,1,26,0
36,7433,23,0,21,hab,20,1,19,4
36,7177,37,0,19,hab,19,0,20,17
36,7178,43,0,23,hab,23,0,25,18
36,7174,84,0,41,hab,40,1,71,13
36,6881,108,0,78,hab,78,0,92,16
36,6883,61,2,56,hab,56,0,57,4
36,7167,60,0,51,hab,51,0,52,8
36,6879,106,0,63,hab,62,1,78,28
36,7603,19,0,19,hab,19,0,19,0
36,6840,20,0,18,hab,18,0,19,1
36,7469,19,0,15,hab,15,0,17,2
36,7552,54,1,1,hab,1,0,2,52
36,7524,59,0,12,hab,12,0,22,37
36,7335,25,0,24,hab,23,1,23,2
36,6720,30,0,31,osm,30,1,30,0
36,7501,44,0,32,hab,30,2,33,11
36,7386,55,0,2,hab,2,0,2,53
36,7382,35,1,6,hab,6,0,6,29
36,7293,96,0,6,hab,6,0,10,86
36,7394,32,0,27,hab,27,0,27,5
36,7240,68,0,3,hab,2,1,2,66
36,7284,45,0,45,hab,42,3,41,4
36,7376,41,0,34,hab,34,0,35,6
36,7278,48,0,34,hab,34,0,42,6
36,7375,35,0,29,hab,29,0,30,5
36,7207,35,0,3,hab,3,0,2,33
36,7208,36,0,1,hab,1,0,1,35
36,7172,27,0,1,hab,1,0,1,26
36,7175,66,0,4,hab,4,0,8,58
36,7210,28,0,14,hab,14,0,20,8
36,6503,79,0,51,hab,48,3,72,7
36,6539,176,0,85,hab,85,0,117,59
36,7470,44,0,41,hab,41,0,38,6
36,6788,16,1,10,hab,10,0,10,6
36,7197,97,0,65,hab,62,3,64,33
36,7194,183,0,63,hab,60,3,71,112
36,7196,108,1,99,hab,91,8,83,25
36,7195,129,0,78,hab,77,1,83,46
36,6494,87,1,69,hab,69,0,80,7
36,6491,66,1,44,hab,44,0,52,14
36,6699,41,0,39,hab,36,3,41,0
36,7462,24,0,23,hab,23,0,22,2
36,7422,32,0,23,hab,23,0,29,3
36,7360,59,2,30,hab,30,0,37,22
36,7571,10,0,11,osm,11,0,10,0
36,7460,18,0,8,hab,8,0,7,11
36,7401,33,0,37,osm,32,5,30,3
36,7221,135,0,130,hab,126,4,135,0
36,7398,35,1,37,osm,37,0,34,1
36,7403,120,1,90,hab,90,0,106,14
36,7517,21,0,19,hab,17,2,18,3
36,7410,58,0,41,hab,41,0,52,6
36,7432,55,0,71,osm,62,9,52,3
36,7220,68,0,26,hab,22,4,25,43
36,6878,13,0,13,hab,13,0,13,0
36,6871,56,0,41,hab,40,1,47,9
36,7407,14,0,14,hab,12,2,14,0
36,6834,51,0,41,hab,41,0,44,7
36,7402,45,0,42,hab,42,0,44,1
36,6690,58,0,50,hab,50,0,55,3
36,7408,48,0,50,osm,50,0,48,0
36,7399,36,0,32,hab,32,0,35,1
36,7598,59,0,57,hab,54,3,58,1
36,7505,1,0,0,hab,0,0,0,1
36,7495,61,0,22,hab,22,0,25,36
36,7406,55,4,43,hab,43,0,45,10
36,6818,36,1,32,hab,32,0,35,1
36,7538,37,0,26,hab,26,0,27,10
36,6816,63,1,45,hab,43,2,45,18
36,7492,46,12,20,hab,20,0,21,25
36,7491,58,0,26,hab,26,0,31,27
36,6813,63,2,45,hab,42,3,45,18
36,7480,33,0,10,hab,9,1,9,24
36,7489,42,1,22,hab,22,0,28,14
36,6806,52,0,49,hab,49,0,50,2
36,7729,45,0,0,hab,0,0,0,45
36,7318,74,2,21,hab,21,0,26,48
36,7728,21,1,1,hab,1,0,1,20
36,6821,40,0,37,hab,37,0,39,1
36,7319,35,1,14,hab,14,0,14,21
36,7579,25,0,5,hab,5,0,5,20
36,7312,56,0,20,hab,20,0,23,33
36,7313,35,0,20,hab,20,0,21,14
36,7308,64,0,23,hab,23,0,34,30
36,7601,43,0,43,hab,43,0,41,2
36,7426,69,0,33,hab,33,0,33,36
36,7421,24,0,23,hab,22,1,21,3
36,6860,38,3,29,hab,28,1,34,4
36,7494,66,6,30,hab,28,2,42,24
36,6849,53,0,46,hab,46,0,51,2
36,7384,60,0,9,hab,9,0,11,49
36,7388,49,0,39,hab,37,2,39,10
36,7381,45,0,35,hab,35,0,35,10
36,7387,51,0,53,osm,53,0,51,0
36,7367,40,6,29,hab,29,0,30,10
36,7374,50,0,41,hab,41,0,41,9
36,7515,13,0,9,hab,9,0,10,3
36,7369,26,1,28,osm,23,5,22,4
36,7358,35,0,36,osm,35,1,33,2
36,7355,41,0,40,hab,39,1,39,2
36,7604,63,3,20,hab,20,0,23,40
36,7454,54,0,27,hab,26,1,24,30
36,7225,104,0,76,hab,75,1,81,23
36,7234,65,0,1,hab,1,0,1,64
36,7511,44,0,26,hab,26,0,32,12
36,7733,29,1,1,hab,1,0,1,28
36,7228,66,0,2,hab,2,0,7,59
36,7226,96,0,98,osm,97,1,91,5
36,7231,127,0,61,hab,60,1,86,41
36,7202,63,0,40,hab,40,0,44,19
36,7478,45,0,33,hab,33,0,39,6
36,7546,26,0,21,hab,21,0,24,2
36,7732,20,0,1,hab,1,0,1,19
36,6688,90,0,76,hab,76,0,85,5
36,7274,22,0,18,hab,18,0,19,3
36,7724,36,0,1,hab,1,0,1,35
36,7558,31,0,14,hab,14,0,17,14
36,7283,39,0,39,hab,39,0,39,0
36,7555,12,0,7,hab,7,0,7,5
36,7547,22,1,4,hab,4,0,5,17
36,7287,86,0,37,hab,37,0,69,17
36,7281,45,0,38,hab,38,0,43,2
36,7582,28,0,26,hab,25,1,27,1
36,7437,32,0,27,hab,27,0,28,4
36,7237,52,0,1,hab,1,0,1,51
36,7323,38,2,9,hab,9,0,13,25
36,7239,35,0,8,hab,8,0,10,25
36,7280,32,0,30,hab,30,0,31,1
36,7279,16,1,16,osm,14,2,16,0
36,7273,22,0,17,hab,17,0,18,4
36,7233,75,0,14,hab,13,1,23,52
36,6535,17,0,13,hab,13,0,13,4
36,6528,75,0,63,hab,59,4,64,11
36,6504,67,2,58,hab,56,2,58,9
36,7314,32,1,23,hab,22,1,24,8
36,7486,90,1,77,hab,76,1,81,9
36,6608,114,0,23,hab,23,0,72,42
36,7315,45,7,25,hab,25,0,32,13
36,7330,44,0,39,hab,38,1,42,2
36,7545,34,0,3,hab,3,0,3,31
36,6779,29,0,13,hab,13,0,13,16
36,7242,70,1,1,hab,1,0,1,69
36,7566,19,0,19,hab,18,1,18,1
36,7364,50,0,35,hab,35,0,35,15
36,7238,38,0,9,hab,9,0,10,28
36,7246,58,0,1,hab,1,0,1,57
36,6728,65,1,7,hab,6,1,8,57
36,6709,42,1,6,hab,6,0,5,37
36,7236,23,0,3,hab,3,0,4,19
36,7235,73,0,16,hab,16,0,27,46
36,7224,91,1,78,hab,75,3,81,10
36,7255,51,0,26,hab,26,0,28,23
36,7371,44,0,41,hab,40,1,39,5
36,7568,48,0,21,hab,20,1,27,21
36,7361,44,1,30,hab,30,0,39,5
36,7580,60,2,24,hab,24,0,54,6
36,7356,39,0,39,hab,39,0,39,0
36,7473,30,1,16,hab,14,2,12,18
36,6751,81,0,8,hab,8,0,9,72
36,6749,55,0,12,hab,12,0,12,43
36,7543,40,0,4,hab,2,2,2,38
36,6730,79,0,3,hab,3,0,4,75
36,7321,48,0,6,hab,6,0,8,40
36,6704,37,1,30,hab,29,1,32,5
36,7717,62,0,25,hab,25,0,36,26
36,7474,36,0,30,hab,28,2,35,1
36,7476,46,0,1,hab,1,0,2,44
36,7248,56,0,64,osm,63,1,55,1
36,6594,39,1,2,hab,2,0,3,36
36,6575,41,0,10,hab,10,0,13,28
36,7512,21,0,5,hab,5,0,5,16
36,6554,46,0,7,hab,7,0,10,36
36,6557,28,0,6,hab,6,0,6,22
36,7198,72,0,53,hab,53,0,58,14
36,7201,50,0,38,hab,38,0,44,6
36,7200,111,0,67,hab,67,0,71,40
36,7276,53,0,24,hab,24,0,33,20
36,7212,37,0,6,hab,4,2,5,32
36,7205,51,1,18,hab,18,0,25,26
36,7213,19,0,10,hab,9,1,11,8
36,7216,20,0,3,hab,3,0,3,17
36,7569,57,1,46,hab,41,5,52,5
36,6927,33,0,33,hab,32,1,25,8
36,6925,56,0,52,hab,52,0,51,5
36,6918,83,0,44,hab,44,0,51,32
36,6937,42,0,45,osm,45,0,39,3
36,6932,36,0,35,hab,33,2,34,2
36,6916,112,0,30,hab,30,0,68,44
36,6906,46,0,10,hab,10,0,13,33
36,6903,26,0,32,osm,32,0,26,0
36,6900,22,0,22,hab,22,0,22,0
36,7270,13,0,13,hab,11,2,11,2
36,7264,37,0,34,hab,34,0,34,3
36,7265,37,0,37,hab,36,1,35,2
36,7320,64,1,17,hab,17,0,23,41
36,7578,18,0,15,hab,14,1,15,3
36,7477,19,0,12,hab,11,1,12,7
36,7400,36,2,31,hab,31,0,32,4
36,7418,1,0,1,hab,1,0,1,0
36,6838,45,0,40,hab,37,3,39,6
36,6833,64,0,36,hab,36,0,39,25
36,6831,71,0,68,hab,68,0,70,1
36,7329,16,0,13,hab,13,0,14,2
36,7730,22,0,1,hab,1,0,1,21
36,7726,15,0,2,hab,2,0,2,13
36,7725,42,0,47,osm,43,4,40,2
36,6812,35,1,31,hab,30,1,26,9
36,6600,1,0,0,hab,0,0,0,1
36,7533,17,0,19,osm,19,0,16,1
36,7574,41,0,1,hab,1,0,1,40
36,7581,30,1,1,hab,1,0,3,27
36,7324,38,1,10,hab,10,0,11,27
36,7311,34,0,15,hab,15,0,15,19
36,6643,34,0,21,hab,21,0,24,10
36,7310,35,0,22,hab,22,0,23,12
36,7322,35,0,14,hab,14,0,17,18
36,7496,103,0,76,hab,75,1,97,6
36,6680,38,0,30,hab,30,0,34,4
36,7337,34,0,11,hab,11,0,13,21
36,6611,33,1,2,hab,2,0,2,31
36,7354,33,0,33,hab,32,1,32,1
36,7525,41,3,3,hab,3,0,3,38
36,6759,49,0,14,hab,14,0,24,25
36,7464,21,0,18,hab,18,0,21,0
36,7518,24,0,2,hab,1,1,1,23
36,6745,62,1,1,hab,1,0,3,59
36,7583,21,0,3,hab,2,1,3,18
36,7425,35,0,26,hab,25,1,24,11
36,7427,53,0,5,hab,5,0,5,48
36,6935,30,0,27,hab,26,1,29,1
36,6931,82,0,2,hab,2,0,4,78
36,7389,20,0,18,hab,17,1,19,1
36,7173,74,0,44,hab,43,1,58,16
36,6770,45,0,41,hab,40,1,43,2
36,6767,22,0,18,hab,17,1,17,5
36,7431,47,0,58,osm,47,11,39,8
36,7383,49,0,28,hab,28,0,31,18
36,6930,42,0,26,hab,26,0,27,15
36,7379,61,0,21,hab,21,0,24,37
36,6921,32,0,29,hab,29,0,30,2
36,7245,84,0,7,hab,7,0,8,76
36,7397,98,0,33,hab,32,1,53,45
36,7412,58,0,55,hab,51,4,51,7
36,7419,34,0,22,hab,21,1,25,9
36,6919,35,0,39,osm,36,3,33,2
36,6914,67,0,25,hab,25,0,35,32
36,7542,25,0,24,hab,23,1,25,0
36,7215,31,0,12,hab,11,1,15,16
36,7584,12,0,7,hab,7,0,9,3
36,6800,20,0,21,osm,20,1,20,0
36,7536,7,0,7,hab,7,0,7,0
36,7365,39,0,30,hab,28,2,29,10
36,7344,25,0,22,hab,22,0,25,0
36,6911,51,0,42,hab,42,0,42,9
36,7268,22,0,15,hab,15,0,16,6
36,7271,31,0,31,hab,31,0,31,0
36,7506,33,0,31,hab,31,0,32,1
36,7267,35,0,36,osm,35,1,34,1
36,7269,17,1,12,hab,12,0,12,5
36,7434,41,0,33,hab,33,0,33,8
36,7597,35,0,33,hab,33,0,33,2
36,7520,72,7,23,hab,22,1,33,39
36,6783,50,0,39,hab,39,0,48,2
36,7503,42,4,21,hab,21,0,28,14
36,6765,19,0,3,hab,3,0,4,15
36,6888,40,0,33,hab,33,0,33,7
36,7390,20,0,18,hab,18,0,18,2
36,7230,104,0,90,hab,88,2,94,10
36,7222,122,2,47,hab,45,2,52,70
36,7481,32,0,1,hab,1,0,3,29
36,7572,2,0,0,hab,0,0,0,2
36,7223,36,0,1,hab,1,0,1,35
36,7232,40,0,31,hab,31,0,31,9
36,7193,70,1,16,hab,13,3,13,57
36,7463,36,0,10,hab,10,0,13,23
36,7206,25,0,1,hab,1,0,2,23
36,7521,60,0,26,hab,26,0,36,24
36,7192,86,1,38,hab,38,0,47,39
36,7396,47,1,46,hab,44,2,45,2
36,7351,45,0,43,hab,43,0,42,3
36,7529,6,2,1,hab,1,0,1,5
36,7199,62,0,45,hab,44,1,49,13
36,7346,34,0,36,osm,36,0,32,2
36,7563,4,0,8,osm,3,5,2,2
36,7413,20,0,18,hab,17,1,17,3
36,7352,35,0,33,hab,33,0,33,2
36,7424,57,0,6,hab,6,0,6,51
36,7429,39,0,40,osm,39,1,38,1
36,6851,42,0,42,hab,39,3,39,3
36,7482,15,0,14,hab,14,0,15,0
36,6843,80,1,48,hab,48,0,58,22
36,7385,41,0,1,hab,0,1,0,41
36,7395,19,0,21,osm,20,1,19,0
36,7548,29,0,29,hab,28,1,27,2
36,7393,20,0,20,hab,19,1,18,2
36,7392,46,1,29,hab,27,2,29,17
36,7523,31,0,7,hab,7,0,7,24
36,7391,28,0,22,hab,21,1,20,8
36,7479,19,0,17,hab,10,7,11,8
36,7576,29,0,33,osm,28,5,28,1
36,7557,145,0,25,hab,24,1,138,7
36,7370,25,0,23,hab,23,0,22,3
36,7378,50,1,48,hab,47,1,46,4
36,7373,33,0,30,hab,27,3,30,3
36,7372,40,1,34,hab,34,0,35,5
36,7377,40,1,24,hab,24,0,34,6
36,7457,95,0,63,hab,62,1,85,10
36,7348,14,3,9,hab,9,0,8,6
36,7349,31,0,33,osm,33,0,31,0
36,7362,29,0,27,hab,24,3,25,4
36,7357,30,0,27,hab,26,1,26,4
36,7499,20,1,10,hab,10,0,10,10
36,7461,17,0,12,hab,12,0,13,4
36,7577,50,3,43,hab,40,3,38,12
36,6761,69,0,29,hab,28,1,45,24
36,6752,55,0,13,hab,9,4,9,46
36,6734,48,0,3,hab,3,0,5,43
36,6732,27,0,10,hab,10,0,14,13
36,6731,45,0,8,hab,8,0,10,35
36,6724,103,1,0,hab,0,0,0,103
36,6717,48,0,1,hab,1,0,3,45
36,6716,72,2,25,hab,25,0,28,44
36,7288,78,0,39,hab,39,0,50,28
36,7282,49,0,45,hab,45,0,47,2
36,7551,35,0,30,hab,30,0,34,1
36,6526,71,0,65,hab,62,3,67,4
36,6506,60,0,53,hab,53,0,57,3
36,6875,109,1,43,hab,39,4,53,56
36,7502,60,0,29,hab,29,0,55,5
36,7211,32,0,13,hab,12,1,19,13
36,7363,32,0,20,hab,20,0,23,9
36,7309,26,0,18,hab,17,1,17,9
36,7692,33,0,24,hab,23,1,25,8
36,7217,27,0,25,hab,25,0,23,4
36,7218,22,0,17,hab,16,1,16,6
36,7472,13,0,1,hab,1,0,1,12
36,7417,24,0,20,hab,19,1,19,5
36,6923,39,0,36,hab,36,0,38,1
36,7415,49,4,33,hab,33,0,42,7
36,7345,38,0,37,hab,37,0,38,0
36,6790,40,0,31,hab,31,0,32,8
36,6787,63,0,6,hab,6,0,6,57
36,7471,12,0,13,osm,13,0,12,0
36,7531,13,0,8,hab,8,0,9,4
36,6801,25,1,1,hab,1,0,2,23
36,6774,49,0,24,hab,24,0,24,25
36,7186,56,0,57,osm,57,0,56,0
36,7594,39,1,21,hab,21,0,27,12
36,7553,55,2,45,hab,45,0,47,8
36,7539,25,0,24,hab,24,0,25,0
36,7510,5,0,1,hab,1,0,1,4
36,7300,46,0,25,hab,25,0,30,16
36,7485,21,0,5,hab,5,0,5,16
36,6624,95,0,17,hab,17,0,24,71
36,7266,32,0,32,hab,30,2,30,2
36,7560,16,1,14,hab,14,0,15,1
36,7423,1,0,0,hab,0,0,0,1
36,6665,51,1,42,hab,42,0,42,9
36,7487,19,0,10,hab,9,1,10,9
36,6768,10,0,10,hab,10,0,10,0
36,7490,111,1,22,hab,22,0,30,81
36,7182,87,6,59,hab,59,0,69,18
36,7181,19,0,20,osm,19,1,19,0
36,7715,40,0,41,osm,39,2,40,0
36,7567,1,0,0,hab,0,0,0,1
36,6795,19,0,10,hab,10,0,10,9
36,6791,60,0,34,hab,33,1,41,19
36,7565,17,0,14,hab,14,0,14,3
36,7570,15,0,14,hab,14,0,14,1
36,7544,24,1,23,hab,22,1,23,1
36,7184,52,0,50,hab,50,0,51,1
36,7185,24,0,24,hab,24,0,24,0
36,7191,36,0,36,hab,36,0,36,0
36,7190,31,0,22,hab,21,1,22,9
36,7188,24,0,20,hab,19,1,20,4
36,7187,69,0,57,hab,57,0,66,3
36,7467,17,0,11,hab,11,0,14,3
36,7169,49,0,20,hab,20,0,17,32
36,7168,32,0,26,hab,26,0,29,3
36,7179,44,2,9,hab,9,0,16,28
36,7176,35,0,9,hab,9,0,9,26
36,6799,1,0,0,hab,0,0,0,1
36,6647,1,0,0,hab,0,0,0,1
36,6639,1,0,0,hab,0,0,0,1
36,6679,63,5,58,hab,55,3,58,5
36,7455,29,0,30,osm,30,0,29,0
36,7722,65,0,21,hab,21,0,36,29
36,7721,72,0,33,hab,29,4,38,34
36,7720,44,0,41,hab,40,1,38,6
36,7719,52,0,46,hab,40,6,44,8
36,7716,23,0,13,hab,13,0,17,6
36,6706,48,0,42,hab,41,1,42,6
36,6703,69,0,40,hab,40,0,62,7
36,6701,75,2,67,hab,66,1,71,4
36,6700,51,1,38,hab,38,0,46,5
36,6682,30,0,25,hab,23,2,25,5
36,6695,37,0,34,hab,34,0,35,2
36,7526,23,0,23,hab,23,0,21,2
36,7299,78,0,5,hab,5,0,15,63
36,7298,140,0,19,hab,19,0,31,109
36,7295,55,1,4,hab,3,1,4,51
36,7497,30,0,6,hab,5,1,5,25
36,7483,34,0,5,hab,5,0,8,26
36,7244,42,0,19,hab,19,0,19,23
36,7575,46,2,8,hab,8,0,17,29
36,7516,1,0,0,hab,0,0,0,1
31,3183,231,0,0,hab,0,0,0,231
31,306,112,0,2,hab,2,0,5,107
31,2619,178,0,1,hab,1,0,7,171
31,3893,161,0,97,hab,94,3,128,33
31,1748,85,0,15,hab,12,3,31,54
31,5772,162,0,5,hab,5,0,16,146
31,8011,145,3,15,hab,14,1,22,123
31,1522,212,1,267,osm,220,47,161,51
31,6054,157,0,4,hab,4,0,47,110
31,245,166,0,68,hab,67,1,133,33
31,4797,234,0,29,hab,25,4,54,180
31,588,321,0,11,hab,10,1,27,294
31,6242,274,3,6,hab,6,0,27,247
31,1848,96,0,8,hab,4,4,7,89
31,4841,118,0,35,hab,34,1,60,58
31,170,183,0,33,hab,33,0,65,118
31,4802,159,0,4,hab,4,0,14,145
31,2548,455,0,390,hab,383,7,440,15
31,6048,219,0,265,osm,256,9,218,1
31,5696,215,1,87,hab,86,1,128,87
31,5767,244,1,25,hab,23,2,61,183
31,6026,209,0,4,hab,4,0,7,202
31,6020,170,0,14,hab,13,1,26,144
31,189,165,8,43,hab,43,0,75,90
31,3237,99,0,135,osm,101,34,97,2
31,6032,134,1,14,hab,13,1,21,113
31,1375,259,0,11,hab,6,5,21,238
31,1733,211,0,8,hab,7,1,18,193
31,4547,142,0,15,hab,12,3,34,108
31,5112,91,0,4,hab,4,0,7,84
31,4119,115,0,5,hab,1,4,2,113
31,4120,138,0,36,hab,28,8,57,81
31,6044,109,1,11,hab,8,3,8,101
31,5994,255,0,226,hab,186,40,217,38
31,2866,366,0,2,hab,2,0,24,342
31,6043,130,0,7,hab,4,3,12,118
31,2554,127,0,34,hab,29,5,48,79
31,6098,73,1,4,hab,0,4,0,73
31,8014,274,11,22,hab,21,1,41,233
31,3499,245,0,129,hab,123,6,235,10
31,2854,131,0,13,hab,12,1,21,110
31,4476,191,0,6,hab,5,1,19,172
31,5477,70,0,5,hab,4,1,12,58
31,3603,167,0,1,hab,1,0,2,165
31,6340,88,0,1,hab,1,0,1,87
31,2800,217,0,177,hab,147,30,205,12
31,6175,153,0,10,hab,10,0,46,107
31,2563,285,0,316,osm,310,6,279,6
31,6037,81,0,4,hab,4,0,6,75
31,6102,144,0,8,hab,8,0,24,120
31,2879,265,0,24,hab,21,3,44,221
31,6369,140,1,47,hab,43,4,52,88
31,6183,133,0,28,hab,27,1,25,108
31,2045,351,0,5,hab,5,0,11,340
31,4020,160,0,67,hab,58,9,61,99
31,3365,101,0,87,hab,82,5,84,17
31,1230,101,0,27,hab,19,8,22,79
31,3036,114,0,2,hab,0,2,0,114
31,4705,177,0,26,hab,23,3,46,131
31,3099,305,0,5,hab,5,0,17,288
31,6226,71,0,79,osm,72,7,67,4
31,3743,344,11,232,hab,228,4,284,60
31,322,255,0,7,hab,5,2,13,242
31,4903,287,0,8,hab,8,0,46,241
31,6263,175,0,298,osm,284,14,173,2
31,6042,89,0,41,hab,30,11,40,49
31,184,108,1,82,hab,77,5,81,27
31,3618,155,0,43,hab,36,7,35,120
31,3202,336,0,6,hab,6,0,19,317
31,5845,112,0,99,hab,90,9,100,12
31,8007,351,0,14,hab,14,0,41,310
31,8010,327,0,85,hab,76,9,185,142
31,6239,245,0,3,hab,3,0,15,230
31,5975,57,0,6,hab,2,4,3,54
31,5671,168,0,167,hab,162,5,164,4
31,2843,143,1,0,hab,0,0,0,143
31,4472,136,0,6,hab,5,1,6,130
31,6374,460,11,299,hab,293,6,422,38
31,3269,243,1,143,hab,136,7,209,34
31,8003,268,0,4,hab,4,0,14,254
31,3188,123,0,30,hab,28,2,42,81
31,6060,139,0,158,osm,148,10,132,7
31,6326,170,0,33,hab,30,3,63,107
31,4381,150,0,2,hab,2,0,6,144
31,4810,271,1,5,hab,5,0,19,252
31,6018,125,0,71,hab,69,2,78,47
31,3830,71,0,2,hab,1,1,3,68
31,6033,181,0,185,osm,181,4,176,5
31,1739,278,0,9,hab,8,1,57,221
31,4477,231,0,8,hab,6,2,29,202
31,3094,237,0,3,hab,3,0,18,219
31,5773,140,0,67,hab,64,3,107,33
31,5992,154,1,21,hab,18,3,28,126
31,2731,151,0,98,hab,84,14,75,76
31,5697,233,0,45,hab,43,2,78,155
31,6344,91,0,8,hab,5,3,8,83
31,4839,150,0,7,hab,7,0,23,127
31,6325,190,0,4,hab,4,0,10,180
31,5589,325,3,8,hab,8,0,17,308
31,4495,115,10,2,hab,1,1,2,113
31,3453,167,0,2,hab,2,0,12,155
31,326,190,0,3,hab,3,0,4,186
31,8022,44,0,16,hab,11,5,24,20
31,6103,101,1,9,hab,2,7,5,96
31,5445,136,0,52,hab,46,6,70,66
31,5989,120,0,9,hab,9,0,14,106
31,8023,58,0,17,hab,13,4,22,36
31,4966,179,0,35,hab,35,0,76,103
31,4186,162,0,75,hab,62,13,82,80
31,8019,169,0,56,hab,48,8,122,47
31,8021,20,0,6,hab,3,3,10,10
31,2777,137,0,68,hab,61,7,68,69
31,6429,78,0,39,hab,30,9,48,30
31,250,63,0,44,hab,38,6,40,23
31,6378,182,0,86,hab,85,1,120,62
31,103,208,0,16,hab,12,4,36,172
31,8020,122,0,12,hab,11,1,24,98
31,2870,132,0,25,hab,24,1,28,104
31,2799,115,0,8,hab,7,1,14,101
31,6107,225,0,6,hab,6,0,32,193
31,8105,132,0,4,hab,4,0,15,117
31,6108,201,0,3,hab,3,0,8,193
31,6099,190,0,18,hab,18,0,47,143
31,5984,478,0,33,hab,29,4,60,418
31,6109,230,0,9,hab,9,0,21,209
31,4398,174,0,16,hab,16,0,21,153
31,6370,111,0,24,hab,21,3,62,49
31,8016,275,0,71,hab,70,1,175,100
31,6322,99,0,4,hab,2,2,20,79
31,8106,281,0,11,hab,10,1,24,257
31,3861,435,0,23,hab,19,4,74,361
31,2720,109,0,8,hab,2,6,12,97
31,2552,288,0,3,hab,3,0,14,274
31,8025,86,0,1,hab,0,1,0,86
31,4842,110,0,56,hab,54,2,70,40
31,8026,158,1,109,hab,104,5,115,43
31,167,329,2,133,hab,121,12,230,99
31,3207,250,0,300,osm,266,34,243,7
31,6410,243,1,4,hab,4,0,14,229
31,8027,77,0,2,hab,2,0,3,74
31,6241,347,0,73,hab,71,2,171,176
31,8029,168,0,8,hab,8,0,18,150
31,2695,235,1,1,hab,1,0,3,232
31,6050,50,0,11,hab,7,4,7,43
31,3873,288,0,43,hab,33,10,101,187
31,5169,88,0,0,hab,0,0,0,88
31,8030,125,1,5,hab,5,0,9,116
31,5588,235,0,11,hab,11,0,27,208
31,223,415,2,114,hab,109,5,264,151
31,288,115,0,13,hab,9,4,22,93
31,4375,204,0,33,hab,33,0,46,158
31,5651,112,0,86,hab,82,4,84,28
31,4275,222,0,1,hab,1,0,4,218
31,8005,221,0,46,hab,44,2,102,119
31,6437,204,0,50,hab,49,1,125,79
31,4808,155,0,35,hab,33,2,108,47
31,218,132,0,4,hab,4,0,15,117
31,76,177,1,74,hab,56,18,89,88
31,6025,97,0,25,hab,24,1,26,71
31,3479,224,0,78,hab,77,1,191,33
31,2690,153,0,8,hab,8,0,20,133
31,3500,93,0,52,hab,52,0,64,29
31,8018,54,0,13,hab,13,0,20,34
31,8024,66,0,3,hab,1,2,1,65
31,4391,169,0,14,hab,9,5,6,163
31,2522,335,0,26,hab,24,2,52,283
31,8017,139,0,41,hab,40,1,94,45
31,3957,203,0,9,hab,8,1,16,187
31,3829,92,0,24,hab,23,1,30,62
31,3297,153,0,16,hab,13,3,18,135
31,77,95,0,33,hab,33,0,50,45
31,4840,241,1,139,hab,131,8,212,29
31,324,324,1,261,hab,241,20,291,33
31,236,226,0,176,hab,163,13,220,6
31,6039,120,1,16,hab,16,0,12,108
31,8013,184,0,1,hab,0,1,0,184
31,3844,194,0,1,hab,1,0,5,189
31,5495,121,0,33,hab,28,5,24,97
31,3130,162,0,1,hab,1,0,2,160
31,1956,141,0,11,hab,8,3,18,123
31,3763,244,0,4,hab,4,0,22,222
31,153,147,0,12,hab,10,2,27,120
31,3066,169,0,7,hab,7,0,18,151
31,6267,183,0,25,hab,24,1,28,155
31,3551,85,0,8,hab,8,0,9,76
31,3832,258,0,2,hab,2,0,7,251
31,8012,164,0,73,hab,66,7,96,68
31,6271,178,0,2,hab,2,0,2,176
31,2169,290,2,43,hab,40,3,62,228
31,6285,228,0,16,hab,14,2,33,195
31,2700,224,1,1,hab,1,0,3,221
31,6179,276,0,100,hab,83,17,173,103
31,2755,233,0,60,hab,58,2,98,135
31,5797,180,0,6,hab,6,0,24,156
31,168,66,0,42,hab,27,15,19,47
31,2778,333,1,8,hab,8,0,21,312
31,5442,191,0,13,hab,13,0,46,145
31,227,303,0,235,hab,219,16,283,20
31,5842,115,1,102,hab,95,7,108,7
31,5463,118,0,125,osm,111,14,114,4
31,2864,285,0,11,hab,10,1,24,261
31,3794,210,0,153,hab,149,4,201,9
31,6041,165,0,6,hab,5,1,12,153
31,3309,190,0,142,hab,129,13,188,2
31,8009,253,0,87,hab,78,9,161,92
31,3037,196,0,1,hab,1,0,5,191
31,4805,290,1,152,hab,151,1,255,35
31,6368,164,0,11,hab,11,0,42,122
31,2711,247,1,11,hab,11,0,51,196
31,2565,182,0,3,hab,3,0,8,174
31,4457,132,0,7,hab,7,0,21,111
31,6036,217,4,408,osm,366,42,209,8
31,4220,237,0,128,hab,117,11,147,90
31,5536,192,0,9,hab,9,0,20,172
31,3623,233,0,291,osm,274,17,229,4
31,3716,199,1,28,hab,26,2,48,151
31,4155,251,0,25,hab,23,2,39,212
31,1238,54,0,8,hab,5,3,13,41
31,4538,76,1,36,hab,35,1,52,24
31,133,59,0,8,hab,5,3,10,49
31,6273,161,0,9,hab,9,0,32,129
31,2606,135,0,25,hab,23,2,74,61
31,4909,170,1,24,hab,23,1,52,118
31,6069,148,0,117,hab,106,11,129,19
31,211,197,0,5,hab,5,0,8,189
31,3262,275,0,48,hab,47,1,165,110
31,6035,137,0,17,hab,14,3,11,126
31,4265,159,0,3,hab,3,0,5,154
31,4157,160,0,7,hab,7,0,17,143
31,4029,109,0,26,hab,25,1,27,82
31,3694,194,0,4,hab,4,0,7,187
31,8015,290,0,7,hab,7,0,28,262
31,8008,115,0,12,hab,6,6,27,88
31,8006,212,0,1,hab,1,0,2,210
31,2034,179,9,7,hab,3,4,7,172
31,8004,192,0,10,hab,8,2,16,176
31,4713,343,0,26,hab,26,0,62,281
31,8028,130,0,5,hab,4,1,7,123
31,78,77,0,21,hab,21,0,25,52
31,6345,86,0,7,hab,6,1,7,79
31,3154,157,0,29,hab,27,2,45,112
31,1373,114,0,60,hab,20,40,47,67
31,3070,107,0,128,osm,93,35,67,40
31,206,157,0,8,hab,7,1,18,139
31,3039,85,0,5,hab,4,1,6,79
31,3497,38,0,9,hab,2,7,2,36
31,4795,100,0,4,hab,3,1,4,96
31,4404,75,0,10,hab,8,2,15,60
31,5800,119,1,12,hab,12,0,27,92
31,4796,83,0,11,hab,9,2,8,75
31,5840,107,0,16,hab,14,2,21,86
31,5223,54,0,7,hab,4,3,9,45
31,1963,231,0,7,hab,7,0,22,209
31,1235,244,1,24,hab,24,0,62,182
31,1747,79,6,5,hab,2,3,5,74
31,5843,92,0,5,hab,5,0,17,75
31,828,146,1,3,hab,3,0,8,138
31,5866,98,0,8,hab,8,0,12,86
31,827,210,0,2,hab,1,1,5,205
31,6280,183,0,21,hab,21,0,43,140
31,5440,183,0,3,hab,0,3,0,183
31,4717,240,0,15,hab,13,2,41,199
31,154,198,0,9,hab,8,1,33,165
31,4121,191,0,1,hab,1,0,3,188
31,1590,252,0,0,hab,0,0,0,252
31,6110,180,0,15,hab,15,0,26,154
31,3919,207,0,4,hab,4,0,9,198
31,4117,305,0,4,hab,4,0,11,294
31,6070,117,0,3,hab,3,0,1,116
31,4442,264,5,6,hab,6,0,14,250
31,4539,150,0,43,hab,38,5,58,92
31,4694,299,0,4,hab,4,0,4,295
31,6006,235,0,5,hab,5,0,15,220
31,6467,71,0,1,hab,1,0,1,70
31,6306,128,0,4,hab,4,0,9,119
31,6268,106,0,6,hab,6,0,9,97
31,5997,186,0,4,hab,4,0,11,175
31,5976,114,0,5,hab,3,2,7,107
31,5372,292,0,12,hab,9,3,30,262
31,5300,94,1,1,hab,0,1,0,94
31,4403,217,0,50,hab,47,3,58,159
31,4385,244,0,4,hab,3,1,12,232
31,1245,111,0,0,hab,0,0,0,111
31,1248,192,1,22,hab,19,3,46,146
31,4154,166,0,3,hab,3,0,4,162
31,3802,219,16,2,hab,0,2,0,219
31,4639,104,3,21,hab,21,0,20,84
31,3035,90,0,7,hab,4,3,28,62
31,30,66,0,25,hab,16,9,33,33
31,3470,44,0,1,hab,0,1,0,44
31,6318,138,0,94,hab,68,26,58,80
31,3256,219,2,15,hab,12,3,21,198
31,2248,152,0,17,hab,14,3,25,127
31,3295,82,0,9,hab,5,4,14,68
31,6343,152,0,2,hab,1,1,3,149
31,5475,275,0,193,hab,186,7,262,13
31,6038,319,2,118,hab,113,5,217,102
31,3985,96,0,9,hab,6,3,14,82
31,4961,161,0,5,hab,4,1,24,137
31,6040,131,0,13,hab,10,3,36,95
31,6062,121,1,12,hab,7,5,27,94
31,6066,89,6,14,hab,5,9,22,67
31,3833,100,0,7,hab,2,5,6,94
31,3970,132,4,89,hab,71,18,65,67
31,3679,166,0,103,hab,100,3,134,32
31,2042,94,2,3,hab,3,0,7,87
31,4850,69,0,60,hab,56,4,65,4
31,2467,174,1,129,hab,102,27,129,45
31,3120,101,1,1,hab,0,1,0,101
31,3090,168,0,2,hab,2,0,4,164
31,5587,219,0,46,hab,46,0,126,93
31,2472,156,0,16,hab,12,4,28,128
31,4708,118,1,7,hab,5,2,16,102
31,237,127,4,20,hab,20,0,31,96
31,6256,68,2,70,osm,55,15,64,4
31,3242,133,0,6,hab,5,1,11,122
31,4525,127,0,5,hab,5,0,9,118
31,2876,178,0,2,hab,2,0,7,171
31,4536,112,0,14,hab,13,1,34,78
31,6031,139,0,68,hab,65,3,94,45
31,6023,151,1,112,hab,108,4,137,14
31,3247,179,0,6,hab,5,1,13,166
31,3498,61,0,1,hab,0,1,0,61
31,6234,136,0,116,hab,115,1,132,4
31,1053,162,0,29,hab,26,3,60,102
31,4059,121,0,2,hab,2,0,5,116
31,3098,209,0,116,hab,112,4,197,12
31,6300,232,0,9,hab,8,1,11,221
31,5480,97,0,7,hab,7,0,11,86
31,187,103,0,3,hab,3,0,8,95
31,3834,233,0,192,hab,184,8,224,9
31,4034,152,1,32,hab,21,11,32,120
31,6007,46,0,17,hab,16,1,24,22
31,1003,82,0,17,hab,16,1,15,67
31,1302,51,0,2,hab,0,2,0,51
31,6238,27,0,3,hab,2,1,3,24
31,1377,12,0,2,hab,0,2,0,12
31,6027,252,1,168,hab,164,4,244,8
31,3621,187,2,150,hab,146,4,174,13
31,2756,238,8,137,hab,125,12,212,26
31,2278,148,0,1,hab,0,1,0,148
31,1827,131,1,100,hab,79,21,121,10
31,2684,146,0,1,hab,1,0,1,145
31,2604,268,0,158,hab,144,14,124,144
31,3663,116,0,2,hab,2,0,4,112
31,6034,113,0,99,hab,88,11,90,23
31,3181,206,0,217,osm,214,3,205,1
31,3640,232,0,144,hab,118,26,206,26
31,3955,195,0,210,osm,196,14,190,5
31,4904,242,0,333,osm,290,43,241,1
31,1005,87,3,85,osm,76,9,80,7
31,2688,219,8,206,hab,189,17,204,15
31,2558,259,0,243,hab,229,14,249,10
31,75,103,0,97,hab,86,11,99,4
31,2065,277,0,8,hab,8,0,36,241
31,203,394,4,253,hab,248,5,354,40
31,1578,107,1,17,hab,10,7,15,92
31,4546,151,3,156,osm,145,11,144,7
31,4301,184,0,72,hab,72,0,103,81
31,4451,113,1,20,hab,17,3,24,89
31,2559,221,0,14,hab,13,1,38,183
31,2091,280,1,247,hab,215,32,220,60
31,3060,145,0,46,hab,34,12,52,93
31,1639,199,0,14,hab,8,6,24,175
31,2643,180,8,10,hab,10,0,26,154
31,4549,117,0,12,hab,8,4,10,107
31,4118,92,0,4,hab,4,0,8,84
31,3284,212,0,10,hab,10,0,11,201
31,3620,155,0,73,hab,69,4,88,67
31,5222,97,0,44,hab,43,1,49,48
31,4703,50,0,11,hab,10,1,10,40
31,2874,136,0,5,hab,4,1,15,121
31,5026,117,14,110,osm,103,7,85,32
31,2645,79,0,81,osm,79,2,77,2
31,6252,209,0,87,hab,59,28,50,159
31,4092,98,0,128,osm,121,7,97,1
31,2284,232,0,177,hab,168,9,172,60
31,1224,220,0,148,hab,147,1,215,5
31,5143,238,0,2,hab,1,1,4,234
31,667,100,0,33,hab,32,1,37,63
31,4893,53,0,14,hab,9,5,37,16
31,5287,141,1,46,hab,41,5,46,95
31,6301,233,0,53,hab,52,1,56,177
31,6055,173,0,11,hab,11,0,20,153
31,6390,149,1,4,hab,4,0,8,141
31,202,161,0,4,hab,4,0,22,139
31,4711,89,0,5,hab,3,2,5,84
16,456,63,0,7,hab,6,1,10,53
16,3653,184,0,35,hab,34,1,51,133
16,409,403,2,20,hab,20,0,67,336
16,2324,246,0,4,hab,4,0,6,240
16,4471,247,1,1,hab,1,0,10,237
16,1107,178,0,33,hab,31,2,36,142
16,1958,240,0,41,hab,38,3,49,191
16,478,172,0,32,hab,29,3,25,147
16,1121,221,0,32,hab,31,1,43,178
16,4523,189,0,1,hab,1,0,1,188
16,5401,293,1,2,hab,2,0,7,286
16,3733,134,1,15,hab,15,0,27,107
16,7030,207,1,9,hab,6,3,10,197
16,2681,111,2,2,hab,2,0,4,107
16,6129,207,0,31,hab,27,4,52,155
16,1198,221,0,24,hab,24,0,27,194
16,3526,322,0,8,hab,8,0,19,303
16,1508,368,0,58,hab,58,0,109,259
16,5875,206,2,11,hab,11,0,23,183
16,2264,246,0,8,hab,7,1,12,234
16,4829,183,0,1,hab,1,0,5,178
16,5686,286,1,11,hab,11,0,37,249
16,1704,174,0,25,hab,22,3,25,149
16,2430,497,0,61,hab,61,0,152,345
16,2147,144,0,2,hab,2,0,4,140
16,6976,77,0,1,hab,1,0,2,75
16,7027,155,0,34,hab,34,0,45,110
16,1205,244,3,28,hab,25,3,31,213
16,719,256,0,24,hab,24,0,35,221
16,1900,138,0,45,hab,43,2,54,84
16,1623,184,0,23,hab,23,0,51,133
16,6973,211,0,13,hab,11,2,19,192
16,1877,210,1,22,hab,19,3,32,178
16,6971,111,0,45,hab,31,14,33,78
16,1886,80,0,22,hab,19,3,30,50
16,812,189,0,7,hab,7,0,15,174
16,1699,256,8,9,hab,9,0,11,245
16,3260,245,1,1,hab,1,0,2,243
16,1109,153,1,4,hab,4,0,8,145
16,5810,221,0,2,hab,2,0,4,217
16,1832,266,0,8,hab,8,0,25,241
16,158,121,2,0,hab,0,0,0,121
16,1174,75,0,43,hab,38,5,44,31
16,3697,225,0,89,hab,80,9,78,147
16,6977,194,0,5,hab,4,1,8,186
16,2830,193,0,1,hab,1,0,6,187
16,4811,197,1,8,hab,7,1,8,189
16,3843,137,1,22,hab,20,2,37,100
16,382,178,0,23,hab,18,5,46,132
16,2260,308,0,2,hab,2,0,10,298
16,3385,180,1,2,hab,2,0,5,175
16,986,185,1,18,hab,6,12,8,177
16,3024,235,0,75,hab,72,3,111,124
16,1196,327,0,1,hab,1,0,5,322
16,3687,85,1,25,hab,24,1,33,52
16,2446,59,1,2,hab,1,1,4,55
16,5039,323,0,5,hab,5,0,13,310
16,982,152,0,19,hab,18,1,22,130
16,6152,269,1,2,hab,2,0,4,265
16,6004,296,1,51,hab,46,5,71,225
16,1124,259,1,21,hab,20,1,51,208
16,5631,155,0,28,hab,27,1,29,126
16,1991,188,1,8,hab,4,4,4,184
16,4992,246,0,27,hab,26,1,58,188
16,2888,130,1,0,hab,0,0,0,130
16,2273,134,0,16,hab,15,1,14,120
16,1954,86,2,3,hab,3,0,8,78
16,3280,186,0,61,hab,54,7,58,128
16,3380,171,0,25,hab,25,0,43,128
16,5898,97,0,4,hab,3,1,3,94
16,1148,195,0,2,hab,2,0,6,189
16,2429,229,2,2,hab,1,1,2,227
16,4416,41,0,6,hab,4,2,6,35
16,6113,189,0,91,hab,85,6,90,99
16,2061,296,1,0,hab,0,0,0,296
16,2204,101,1,37,hab,34,3,45,56
16,6969,205,0,40,hab,38,2,52,153
16,4317,221,0,9,hab,7,2,12,209
16,7028,157,1,6,hab,6,0,15,142
16,4106,321,0,3,hab,3,0,9,312
16,2029,213,0,0,hab,0,0,0,213
16,3421,275,0,10,hab,10,0,19,256
16,5564,242,0,6,hab,6,0,13,229
16,607,168,2,12,hab,9,3,8,160
16,4440,148,1,7,hab,7,0,7,141
16,4332,198,0,17,hab,10,7,10,188
16,1156,117,0,35,hab,27,8,37,80
16,4309,135,0,2,hab,2,0,2,133
16,4248,102,1,8,hab,7,1,10,92
16,5045,65,0,5,hab,5,0,8,57
16,393,130,0,17,hab,12,5,11,119
16,5972,146,1,76,hab,76,0,129,17
16,3092,117,0,7,hab,7,0,19,98
16,6975,157,0,6,hab,5,1,7,150
16,5482,88,0,1,hab,1,0,1,87
16,4590,177,0,69,hab,58,11,71,106
16,2333,378,2,55,hab,54,1,158,220
16,970,172,0,54,hab,54,0,64,108
16,2356,111,0,17,hab,17,0,27,84
16,4816,285,1,43,hab,37,6,71,214
16,831,153,0,47,hab,46,1,54,99
16,3678,106,0,1,hab,1,0,1,105
16,1078,162,0,22,hab,21,1,55,107
16,3067,141,2,62,hab,59,3,82,59
16,608,129,2,2,hab,2,0,4,125
16,3055,90,0,2,hab,2,0,6,84
16,3642,108,0,1,hab,1,0,2,106
16,6974,227,0,12,hab,11,1,18,209
16,2274,140,2,2,hab,2,0,3,137
16,1080,233,1,18,hab,15,3,29,204
16,4178,286,0,6,hab,6,0,25,261
16,534,1794,0,4,hab,4,0,65,1729
16,7064,299,0,343,osm,311,32,292,7
16,2405,311,2,7,hab,7,0,22,289
16,4934,196,0,17,hab,17,0,26,170
16,2227,119,2,3,hab,3,0,3,116
16,2725,174,0,2,hab,2,0,4,170
16,5048,219,0,2,hab,2,0,14,205
16,3216,150,0,44,hab,40,4,33,117
16,597,130,0,10,hab,10,0,16,114
16,3748,290,0,14,hab,14,0,32,258
16,3286,304,0,27,hab,27,0,78,226
16,2447,470,2,9,hab,9,0,40,430
16,2503,149,2,75,hab,67,8,106,43
16,4125,279,0,10,hab,9,1,17,262
16,3816,144,3,33,hab,33,0,65,79
16,1172,84,0,31,hab,10,21,8,76
16,5080,191,1,10,hab,10,0,15,176
16,981,173,0,28,hab,24,4,29,144
16,3625,176,0,5,hab,5,0,16,160
16,3254,74,0,1,hab,1,0,1,73
16,4718,94,1,1,hab,0,1,0,94
16,5639,168,0,31,hab,19,12,24,144
16,1177,168,0,4,hab,4,0,11,157
16,6970,198,1,15,hab,11,4,46,152
16,193,215,1,55,hab,53,2,61,154
16,2838,193,2,43,hab,42,1,56,137
16,4956,280,0,44,hab,43,1,73,207
16,729,248,0,10,hab,10,0,10,238
16,1966,189,0,37,hab,35,2,41,148
16,1036,268,0,26,hab,26,0,54,214
16,5906,110,0,17,hab,17,0,25,85
16,1935,152,0,38,hab,36,2,72,80
16,3689,128,0,27,hab,27,0,36,92
16,5123,153,0,9,hab,8,1,14,139
16,2011,128,0,2,hab,2,0,5,123
16,3514,243,1,56,hab,56,0,124,119
16,1543,139,0,16,hab,16,0,31,108
16,1694,96,0,6,hab,5,1,10,86
16,4622,133,3,6,hab,6,0,14,119
16,2428,83,0,3,hab,2,1,3,80
16,792,107,0,5,hab,5,0,10,97
16,3428,42,0,1,hab,1,0,1,41
16,5740,183,0,10,hab,9,1,22,161
16,5637,106,0,7,hab,7,0,9,97
16,5426,399,10,2,hab,2,0,9,390
16,641,177,0,13,hab,11,2,26,151
16,3293,76,0,2,hab,2,0,3,73
16,3408,115,0,1,hab,1,0,7,108
16,6972,80,0,30,hab,21,9,21,59
16,718,215,16,6,hab,6,0,10,205
16,2392,142,0,8,hab,8,0,11,131
16,1909,141,0,1,hab,0,1,0,141
16,5396,169,0,44,hab,41,3,50,119
16,1192,189,0,1,hab,0,1,0,189
16,3544,104,0,13,hab,6,7,8,96
16,2791,260,44,3,hab,3,0,6,254
16,1074,201,3,1,hab,1,0,2,199
16,5437,111,0,53,hab,52,1,57,54
16,1422,58,1,6,hab,6,0,12,46
16,4394,125,0,36,hab,36,0,37,88
16,5407,349,7,1,hab,1,0,3,346
16,6130,105,0,4,hab,2,2,5,100
16,995,310,1,47,hab,46,1,66,244
16,1104,166,0,63,hab,62,1,88,78
16,1705,192,0,7,hab,6,1,12,180
16,1364,118,0,12,hab,8,4,8,110
16,1297,49,1,4,hab,3,1,6,43
16,3563,63,0,30,hab,25,5,23,40
16,4594,176,0,20,hab,20,0,28,148
16,795,56,0,2,hab,2,0,3,53
16,5101,127,1,7,hab,6,1,12,115
16,6182,76,0,0,hab,0,0,0,76
16,1017,87,5,21,hab,15,6,21,66
16,728,21,0,23,osm,7,16,11,10
16,4068,209,1,15,hab,15,0,53,156
16,4986,101,0,7,hab,7,0,15,86
16,5259,21,0,3,hab,1,2,5,16
16,2819,67,0,1,hab,1,0,3,64
16,1407,58,0,20,hab,13,7,15,43
16,4611,229,2,47,hab,47,0,75,154
16,4439,155,0,37,hab,37,0,46,109
16,3889,383,7,0,hab,0,0,0,383
16,4775,298,0,18,hab,18,0,20,278
16,2705,76,0,15,hab,15,0,21,55
16,4016,46,0,12,hab,10,2,17,29
16,627,83,0,21,hab,19,2,19,64
16,3395,112,2,7,hab,7,0,9,103
16,5435,63,0,1,hab,1,0,4,59
16,2969,85,0,11,hab,11,0,34,51
16,1964,197,1,35,hab,34,1,46,151
16,2979,129,0,38,hab,38,0,49,80
16,3489,206,8,0,hab,0,0,0,206
16,4605,59,0,17,hab,16,1,25,34
16,1823,187,0,17,hab,14,3,29,158
16,4444,268,5,3,hab,3,0,8,260
16,1554,26,0,5,hab,2,3,6,20
16,1534,223,5,0,hab,0,0,0,223
16,1500,266,6,8,hab,8,0,23,243
26,6173,87,0,1,hab,1,0,2,85
26,4976,230,0,0,hab,0,0,0,230
26,4735,384,0,3,hab,3,0,8,376
26,1923,219,0,1,hab,1,0,1,218
26,3159,147,0,3,hab,3,0,3,144
26,5974,172,0,2,hab,2,0,4,168
26,4352,191,0,1,hab,1,0,4,187
26,2926,239,0,1,hab,1,0,4,235
26,1448,296,0,2,hab,2,0,3,293
26,4623,146,0,2,hab,2,0,9,137
26,1791,87,0,2,hab,1,1,4,83
26,194,239,0,5,hab,5,0,6,233
26,610,226,0,4,hab,3,1,7,219
26,1420,201,2,2,hab,2,0,5,196
26,4542,131,0,7,hab,5,2,9,122
26,886,135,0,14,hab,13,1,23,112
26,3403,140,0,11,hab,9,2,10,130
26,1112,167,0,1,hab,1,0,2,165
26,5790,185,0,1,hab,1,0,5,180
26,3084,199,0,4,hab,4,0,4,195
26,4412,151,0,149,hab,142,7,149,2
26,1629,213,0,71,hab,67,4,85,128
26,3388,221,0,5,hab,2,3,5,216
26,1929,141,0,3,hab,3,0,6,135
26,1571,207,0,2,hab,2,0,3,204
26,958,123,0,1,hab,1,0,3,120
26,4902,237,0,2,hab,2,0,2,235
26,798,162,0,3,hab,3,0,4,158
26,703,101,0,1,hab,1,0,3,98
26,4792,135,0,1,hab,1,0,4,131
26,4349,181,0,1,hab,1,0,4,177
26,4300,160,1,2,hab,1,1,4,156
26,535,172,0,2,hab,2,0,4,168
26,3885,448,0,3,hab,3,0,4,444
26,1259,76,0,84,osm,71,13,65,11
26,3331,237,0,5,hab,5,0,11,226
26,267,130,0,9,hab,9,0,17,113
26,2815,87,0,1,hab,0,1,0,87
26,2062,218,0,1,hab,1,0,2,216
26,2206,175,0,6,hab,6,0,11,164
26,2723,136,0,1,hab,1,0,1,135
26,4374,137,0,3,hab,2,1,6,131
26,3313,253,0,1,hab,1,0,7,246
26,467,254,0,1,hab,1,0,1,253
26,509,246,0,4,hab,4,0,14,232
26,2217,224,0,3,hab,3,0,7,217
26,1995,187,0,5,hab,5,0,12,175
26,1608,157,0,5,hab,4,1,11,146
26,5952,143,0,1,hab,1,0,1,142
26,5140,257,0,22,hab,21,1,30,227
26,601,111,0,1,hab,1,0,2,109
26,3214,157,0,5,hab,2,3,3,154
26,5789,90,0,1,hab,0,1,0,90
26,5252,172,0,0,hab,0,0,0,172
26,2088,169,0,3,hab,3,0,4,165
26,2884,203,0,1,hab,1,0,1,202
26,1023,134,0,2,hab,1,1,2,132
26,5406,179,0,5,hab,5,0,9,170
26,988,179,0,2,hab,2,0,14,165
26,2518,121,0,11,hab,8,3,13,108
26,584,167,0,0,hab,0,0,0,167
26,463,161,0,37,hab,33,4,37,124
26,2505,168,0,1,hab,1,0,2,166
26,2186,227,0,2,hab,2,0,5,222
26,5966,322,0,1,hab,1,0,2,320
26,5303,166,0,1,hab,1,0,2,164
26,6197,201,0,4,hab,4,0,5,196
26,2145,235,0,3,hab,2,1,5,230
26,5312,122,0,1,hab,1,0,3,119
26,1138,150,0,2,hab,2,0,3,147
26,5135,396,0,6,hab,5,1,16,380
26,2332,168,0,2,hab,2,0,2,166
26,1016,137,0,2,hab,2,0,3,134
26,1458,396,0,1,hab,1,0,3,393
26,2222,61,0,24,hab,24,0,27,34
26,710,155,0,4,hab,4,0,4,151
26,5027,126,0,2,hab,2,0,2,124
26,2883,148,1,2,hab,2,0,7,141
26,1862,103,0,20,hab,20,0,28,75
26,3516,208,1,3,hab,3,0,9,199
26,1035,337,0,2,hab,2,0,2,335
26,2932,230,0,4,hab,3,1,10,220
26,4419,170,0,1,hab,1,0,3,167
26,1061,140,0,3,hab,3,0,8,132
26,1868,142,1,1,hab,1,0,1,141
26,5151,238,0,1,hab,1,0,8,230
26,2497,80,0,98,osm,84,14,80,0
26,3998,497,0,3,hab,3,0,11,486
26,403,113,0,3,hab,2,1,3,110
26,308,124,0,1,hab,1,0,5,119
26,1515,210,1,1,hab,1,0,6,204
26,3102,238,0,1,hab,1,0,1,237
26,510,142,0,2,hab,2,0,3,139
26,349,264,0,8,hab,8,0,31,233
26,2964,166,0,21,hab,19,2,28,138
26,1810,102,0,102,hab,102,0,102,0
26,6151,222,0,2,hab,2,0,3,219
26,2810,499,0,4,hab,4,0,8,491
26,5110,159,0,1,hab,1,0,4,155
26,5901,154,0,4,hab,3,1,13,141
26,5922,158,0,1,hab,0,1,0,158
26,5731,133,0,0,hab,0,0,0,133
26,5108,104,0,2,hab,2,0,5,99
26,1711,137,0,1,hab,1,0,1,136
26,4953,189,1,1,hab,0,1,0,189
26,969,169,0,17,hab,16,1,18,151
26,172,166,0,2,hab,0,2,0,166
26,3917,166,0,1,hab,1,0,2,164
26,4208,239,0,122,hab,122,0,179,60
26,4287,203,0,2,hab,2,0,17,186
26,5154,168,0,3,hab,3,0,5,163
26,3308,165,0,0,hab,0,0,0,165
26,957,97,0,0,hab,0,0,0,97
26,6117,155,0,3,hab,3,0,6,149
26,5276,159,0,2,hab,1,1,1,158
26,4625,192,0,4,hab,3,1,4,188
26,4844,150,0,0,hab,0,0,0,150
26,3236,207,0,2,hab,2,0,7,200
26,3433,111,0,1,hab,1,0,2,109
26,4009,160,0,0,hab,0,0,0,160
26,4952,207,0,1,hab,1,0,3,204
26,4989,259,1,6,hab,5,1,6,253
26,3231,98,0,32,hab,32,0,36,62
26,3022,119,0,0,hab,0,0,0,119
26,4104,190,0,11,hab,9,2,12,178
26,2764,154,0,2,hab,1,1,1,153
26,3661,135,0,3,hab,3,0,6,129
26,2748,155,0,2,hab,2,0,3,152
26,3219,134,0,3,hab,3,0,4,130
26,4984,158,0,1,hab,1,0,2,156
26,454,163,0,1,hab,1,0,4,159
26,5899,109,0,2,hab,2,0,2,107
26,5807,151,0,2,hab,2,0,2,149
26,5153,81,0,11,hab,10,1,13,68
26,2462,97,0,4,hab,3,1,7,90
26,1286,126,0,24,hab,24,0,59,67
26,4879,123,2,50,hab,45,5,58,65
26,3132,187,0,24,hab,22,2,27,160
26,6093,80,0,1,hab,1,0,3,77
26,5778,148,0,1,hab,1,0,2,146
26,4633,171,0,4,hab,4,0,9,162
26,6080,120,0,2,hab,2,0,5,115
26,4741,128,0,1,hab,1,0,1,127
26,4939,152,0,1,hab,1,0,2,150
26,2035,263,0,2,hab,1,1,2,261
26,1165,169,0,1,hab,1,0,1,168
26,4193,189,0,2,hab,2,0,5,184
26,1010,621,0,2,hab,2,0,6,615
26,3452,237,0,1,hab,1,0,1,236
26,990,426,0,1,hab,1,0,6,420
26,6097,249,0,3,hab,3,0,9,240
26,28,114,0,1,hab,1,0,1,113
26,793,233,0,10,hab,10,0,38,195
26,495,184,0,3,hab,3,0,5,179
26,2551,211,0,3,hab,3,0,6,205
26,2669,209,0,49,hab,46,3,90,119
26,5775,150,0,1,hab,1,0,5,145
26,4868,147,0,12,hab,12,0,21,126
26,1282,122,0,34,hab,32,2,51,71
26,4763,187,0,5,hab,5,0,19,168
26,4307,222,0,1,hab,0,1,0,222
26,5645,163,0,3,hab,3,0,5,158
26,6075,223,0,1,hab,1,0,1,222
26,3210,144,0,14,hab,14,0,27,117
26,1548,187,187,20,osm,0,20,0,187
26,2694,140,1,1,hab,1,0,6,134
26,2591,96,0,1,hab,1,0,4,92
26,6086,240,0,4,hab,4,0,10,230
26,1151,271,0,4,hab,4,0,7,264
26,2535,236,0,2,hab,2,0,3,233
26,2053,94,0,2,hab,2,0,2,92
26,2001,189,0,3,hab,3,0,5,184
26,2413,240,1,6,hab,5,1,6,234
26,2450,229,0,5,hab,5,0,11,218
26,1030,199,0,2,hab,2,0,8,191
26,1489,127,0,4,hab,4,0,6,121
26,1498,138,0,0,hab,0,0,0,138
26,1015,211,0,1,hab,1,0,4,207
26,685,174,0,17,hab,17,0,14,160
26,462,119,0,1,hab,1,0,3,116
26,2555,81,0,23,hab,23,0,30,51
26,1560,162,0,9,hab,8,1,11,151
26,1045,146,0,4,hab,4,0,10,136
26,736,222,0,1,hab,1,0,3,219
26,357,210,0,1,hab,1,0,2,208
26,5747,157,0,1,hab,0,1,0,157
26,275,104,0,1,hab,1,0,1,103
26,3597,248,0,5,hab,4,1,10,238
26,2637,319,0,3,hab,3,0,3,316
26,4135,521,0,26,hab,23,3,53,468
26,3373,259,0,50,hab,46,4,57,202
26,5664,156,0,153,hab,138,15,134,22
26,488,155,0,3,hab,3,0,4,151
26,4353,206,0,198,hab,175,23,194,12
26,3106,210,0,205,hab,170,35,187,23
26,3378,599,0,2,hab,2,0,9,590
26,2951,167,0,2,hab,2,0,3,164
26,2395,224,1,1,hab,1,0,2,222
26,686,154,0,2,hab,1,1,1,153
26,803,107,0,0,hab,0,0,0,107
26,758,207,0,2,hab,2,0,7,200
26,658,174,0,1,hab,1,0,2,172
26,870,343,0,4,hab,4,0,22,321
26,4350,220,0,1,hab,1,0,3,217
26,2972,184,0,118,hab,114,4,166,18
26,5711,134,0,141,osm,136,5,132,2
26,4430,131,0,141,osm,134,7,128,3
26,2915,318,3,2,hab,2,0,6,312
26,1460,363,0,1,hab,1,0,2,361
26,5136,247,0,20,hab,18,2,31,216
26,1860,102,0,1,hab,1,0,2,100
26,999,117,0,132,osm,108,24,104,13
26,930,109,0,114,osm,111,3,109,0
26,654,345,1,2,hab,2,0,13,332
26,4920,92,0,0,hab,0,0,0,92
26,5104,253,0,0,hab,0,0,0,253
26,4351,87,0,1,hab,1,0,4,83
26,3086,257,0,4,hab,4,0,19,238
26,6205,388,0,5,hab,4,1,7,381
26,455,202,0,1,hab,1,0,7,195
26,2718,210,0,11,hab,11,0,13,197
26,4371,214,0,2,hab,2,0,7,207
26,2898,122,0,1,hab,1,0,1,121
26,5959,267,0,2,hab,2,0,6,261
26,2668,298,0,1,hab,1,0,4,294
26,2786,78,0,0,hab,0,0,0,78
26,4258,156,0,1,hab,1,0,1,155
26,2541,250,0,1,hab,1,0,1,249
26,2612,72,0,0,hab,0,0,0,72
26,4937,318,0,5,hab,3,2,4,314
26,837,103,0,155,osm,132,23,102,1
26,3229,157,0,2,hab,2,0,6,151
26,4535,380,0,5,hab,5,0,13,367
26,2358,187,0,5,hab,5,0,6,181
26,1986,201,0,3,hab,3,0,5,196
26,2076,143,0,2,hab,2,0,3,140
26,4347,213,0,0,hab,0,0,0,213
26,2337,170,0,0,hab,0,0,0,170
26,3338,156,0,17,hab,17,0,18,138
26,4132,161,0,0,hab,0,0,0,161
26,3332,105,0,1,hab,1,0,1,104
26,1463,197,0,3,hab,3,0,9,188
26,1745,197,0,2,hab,2,0,6,191
26,616,93,0,90,hab,83,7,87,6
26,820,112,0,110,hab,106,4,105,7
26,833,351,2,1,hab,1,0,1,350
26,1587,125,0,10,hab,10,0,14,111
26,3144,319,1,53,hab,52,1,82,237
26,1146,191,0,12,hab,12,0,28,163
26,967,81,0,1,hab,1,0,4,77
26,4629,286,0,61,hab,58,3,95,191
26,585,89,0,121,osm,97,24,87,2
26,460,228,0,2,hab,2,0,7,221
26,303,124,0,134,osm,120,14,112,12
26,2500,538,0,4,hab,4,0,14,524
26,3087,97,0,1,hab,1,0,2,95
26,3044,39,0,1,hab,0,1,0,39
26,4545,120,0,12,hab,12,0,14,106
26,2406,79,0,1,hab,1,0,1,78
26,2002,128,1,1,hab,1,0,3,125
26,1385,153,0,20,hab,20,0,33,120
26,987,167,0,0,hab,0,0,0,167
26,927,167,0,1,hab,1,0,4,163
26,4817,310,3,19,hab,18,1,23,287
26,5476,327,0,56,hab,53,3,78,249
26,5786,176,0,6,hab,5,1,8,168
26,604,103,0,0,hab,0,0,0,103
26,4782,146,0,6,hab,5,1,7,139
26,3225,322,3,27,hab,17,10,24,298
26,3762,306,0,2,hab,2,0,3,303
26,3143,372,2,8,hab,8,0,21,351
26,2501,73,0,2,hab,0,2,0,73
26,4173,262,0,46,hab,40,6,66,196
26,3138,252,2,10,hab,10,0,23,229
26,5115,192,0,9,hab,9,0,31,161
26,2371,196,0,3,hab,3,0,11,185
26,2920,193,0,54,hab,47,7,72,121
26,443,253,0,3,hab,3,0,7,246
26,1593,312,0,20,hab,20,0,68,244
26,3400,230,0,19,hab,18,1,22,208
26,5868,183,0,0,hab,0,0,0,183
26,5744,247,1,1,hab,1,0,2,245
26,404,155,5,2,hab,2,0,9,146
26,4400,157,2,0,hab,0,0,0,157
26,4319,226,0,2,hab,2,0,5,221
26,4474,291,0,2,hab,1,1,5,286
26,5490,98,0,12,hab,12,0,21,77
26,3261,203,0,4,hab,4,0,10,193
26,3519,193,1,1,hab,1,0,8,185
26,1379,139,0,2,hab,2,0,6,133
26,3177,232,0,3,hab,2,1,3,229
26,6157,121,0,2,hab,2,0,3,118
26,568,93,0,1,hab,1,0,4,89
26,3053,234,0,3,hab,3,0,6,228
26,5333,146,0,22,hab,22,0,32,114
26,2483,316,0,0,hab,0,0,0,316
26,1228,183,0,10,hab,9,1,13,170
26,125,110,0,112,osm,108,4,110,0
26,2141,340,0,2,hab,2,0,6,334
26,492,141,2,2,hab,2,0,2,139
26,283,216,0,2,hab,2,0,3,213
26,5900,179,0,4,hab,4,0,15,164
26,1043,385,0,1,hab,1,0,2,383
26,529,64,0,3,hab,2,1,6,58
26,282,182,0,4,hab,4,0,11,171
26,3026,118,0,10,hab,10,0,13,105
26,491,198,1,8,hab,8,0,24,174
26,887,117,0,8,hab,7,1,19,98
26,528,104,0,1,hab,1,0,3,101
26,564,137,0,6,hab,6,0,8,129
26,2736,393,0,3,hab,3,0,8,385
26,2737,92,0,2,hab,2,0,7,85
26,6074,60,0,2,hab,2,0,3,57
